2007/01/05,149,149,149,149,1000,149,1
2007/01/09,149,149,149,149,2000,149,1
2007/01/10,148,148,148,148,1000,148,1
2007/01/11,145,146,145,146,2000,146,1
2007/01/16,145,145,145,145,7000,145,1
2007/01/17,146,153,146,152,18000,152,1
2007/01/18,157,157,152,152,5000,152,1
2007/01/19,152,152,151,151,6000,151,1
2007/01/22,149,160,147,160,19000,160,1
2007/01/23,155,159,153,159,8000,159,1
2007/01/25,160,160,156,158,5000,158,1
2007/01/26,160,160,155,155,2000,155,1
2007/01/29,155,159,155,159,5000,159,1
2007/01/30,159,159,159,159,1000,159,1
2007/02/01,158,159,158,159,3000,159,1
2007/02/02,159,160,159,159,20000,159,1
2007/02/05,159,159,155,155,2000,155,1
2007/02/07,153,153,153,153,1000,153,1
2007/02/08,155,155,155,155,1000,155,1
2007/02/09,155,155,155,155,2000,155,1
2007/02/13,153,153,152,152,2000,152,1
2007/02/15,150,150,150,150,4000,150,1
2007/02/16,149,149,149,149,1000,149,1
2007/02/19,150,150,150,150,13000,150,1
2007/02/20,155,155,150,150,6000,150,1
2007/02/21,153,153,151,151,6000,151,1
2007/02/22,153,154,151,151,4000,151,1
2007/02/23,151,154,151,154,2000,154,1
2007/02/27,151,153,151,152,23000,152,1
2007/02/28,150,150,147,147,9000,147,1
2007/03/01,148,154,148,154,9000,154,1
2007/03/02,150,152,150,152,4000,152,1
2007/03/05,150,150,150,150,1000,150,1
2007/03/07,153,153,153,153,3000,153,1
2007/03/09,154,155,154,155,6000,155,1
2007/03/12,155,155,155,155,3000,155,1
2007/03/13,153,153,152,152,3000,152,1
2007/03/14,153,153,153,153,1000,153,1
2007/03/15,150,150,150,150,10000,150,1
2007/03/16,150,150,148,149,9000,149,1
2007/03/20,145,145,139,143,6000,143,1
2007/03/22,141,148,141,148,2000,148,1
2007/03/23,148,148,148,148,2000,148,1
2007/03/30,149,149,149,149,2000,149,1
2007/04/02,145,145,143,143,2000,143,1
2007/04/03,143,143,140,140,5000,140,1
2007/04/04,141,146,141,146,3000,146,1
2007/04/05,147,148,145,145,12000,145,1
2007/04/09,145,145,140,140,3000,140,1
2007/04/10,141,141,141,141,1000,141,1
2007/04/11,140,140,139,139,2000,139,1
2007/04/12,138,138,138,138,3000,138,1
2007/04/16,143,144,143,144,3000,144,1
2007/04/17,140,140,140,140,3000,140,1
2007/04/19,136,136,136,136,1000,136,1
2007/04/20,135,136,135,136,2000,136,1
2007/04/23,139,139,139,139,2000,139,1
2007/04/24,136,136,136,136,1000,136,1
2007/04/25,139,139,133,133,5000,133,1
2007/04/26,133,133,130,130,4000,130,1
2007/04/27,125,125,125,125,1000,125,1
2007/05/01,127,131,126,126,3000,126,1
2007/05/02,134,138,134,138,3000,138,1
2007/05/07,138,138,133,133,2000,133,1
2007/05/08,133,133,133,133,2000,133,1
2007/05/09,130,130,130,130,2000,130,1
2007/05/10,127,127,127,127,3000,127,1
2007/05/11,127,127,121,127,7000,127,1
2007/05/14,128,130,128,128,6000,128,1
2007/05/15,127,127,127,127,2000,127,1
2007/05/18,125,130,121,121,12000,121,1
2007/05/22,120,120,120,120,4000,120,1
2007/05/23,118,121,117,117,11000,117,1
2007/05/24,118,118,115,115,13000,115,1
2007/05/25,115,115,115,115,4000,115,1
2007/05/28,116,116,115,115,11000,115,1
2007/05/29,116,116,115,115,3000,115,1
2007/05/30,117,118,117,118,4000,118,1
2007/05/31,119,119,118,118,5000,118,1
2007/06/01,120,120,120,120,4000,120,1
2007/06/04,121,121,120,120,2000,120,1
2007/06/05,122,122,120,120,2000,120,1
2007/06/06,120,120,115,120,16000,120,1
2007/06/07,120,120,120,120,2000,120,1
2007/06/08,120,120,118,119,7000,119,1
2007/06/11,119,119,118,118,5000,118,1
2007/06/12,116,120,116,120,3000,120,1
2007/06/13,120,120,117,120,5000,120,1
2007/06/14,122,122,120,120,10000,120,1
2007/06/15,118,120,117,120,5000,120,1
2007/06/18,124,125,121,121,5000,121,1
2007/06/19,123,171,123,171,352000,171,1
2007/06/20,167,167,148,155,226000,155,1
2007/06/21,154,165,149,154,93000,154,1
2007/06/22,158,201,157,188,740000,188,1
2007/06/25,203,235,203,224,1259000,224,1
2007/06/26,249,250,197,204,736000,204,1
2007/06/27,206,217,195,199,153000,199,1
2007/06/28,194,199,187,189,76000,189,1
2007/06/29,194,204,185,196,129000,196,1
2007/07/02,198,239,197,209,835000,209,1
2007/07/03,207,210,200,207,103000,207,1
2007/07/04,207,207,196,200,46000,200,1
2007/07/05,199,200,197,200,8000,200,1
2007/07/06,195,198,193,195,11000,195,1
2007/07/09,190,198,186,197,47000,197,1
2007/07/10,188,194,186,194,18000,194,1
2007/07/11,195,217,189,192,297000,192,1
2007/07/12,190,194,185,185,28000,185,1
2007/07/13,185,187,183,183,9000,183,1
2007/07/17,181,181,170,177,41000,177,1
2007/07/18,176,176,165,172,29000,172,1
2007/07/19,166,185,165,180,107000,180,1
2007/07/20,175,175,170,174,16000,174,1
2007/07/23,172,182,165,171,46000,171,1
2007/07/24,173,173,162,168,30000,168,1
2007/07/25,169,169,162,163,6000,163,1
2007/07/26,164,164,162,162,4000,162,1
2007/07/27,158,160,146,160,13000,160,1
2007/07/30,152,166,152,165,23000,165,1
2007/07/31,164,166,160,166,8000,166,1
2007/08/01,166,166,156,158,12000,158,1
2007/08/02,160,160,155,156,10000,156,1
2007/08/03,159,163,158,162,10000,162,1
2007/08/06,158,158,154,155,8000,155,1
2007/08/07,159,159,152,152,8000,152,1
2007/08/08,160,197,160,167,1147000,167,1
2007/08/09,162,164,152,160,125000,160,1
2007/08/10,158,158,153,158,19000,158,1
2007/08/13,153,156,137,156,26000,156,1
2007/08/14,152,155,149,155,18000,155,1
2007/08/15,150,151,145,145,16000,145,1
2007/08/16,140,147,138,139,25000,139,1
2007/08/17,140,146,138,143,18000,143,1
2007/08/20,143,146,140,146,3000,146,1
2007/08/21,146,146,146,146,2000,146,1
2007/08/22,143,146,138,145,32000,145,1
2007/08/23,140,146,140,146,10000,146,1
2007/08/24,146,161,146,155,69000,155,1
2007/08/27,153,158,146,158,34000,158,1
2007/08/28,173,189,161,162,995000,162,1
2007/08/29,160,164,152,153,109000,153,1
2007/08/30,156,156,143,147,61000,147,1
2007/08/31,150,158,146,150,51000,150,1
2007/09/03,151,155,151,155,16000,155,1
2007/09/04,155,155,153,154,9000,154,1
2007/09/05,155,157,153,153,24000,153,1
2007/09/06,151,152,150,151,9000,151,1
2007/09/07,152,152,149,149,16000,149,1
2007/09/10,150,150,146,147,9000,147,1
2007/09/11,145,148,145,148,13000,148,1
2007/09/12,146,147,143,143,16000,143,1
2007/09/13,141,144,140,143,10000,143,1
2007/09/14,145,145,145,145,5000,145,1
2007/09/18,142,155,142,152,32000,152,1
2007/09/19,153,155,152,152,26000,152,1
2007/09/20,149,149,149,149,1000,149,1
2007/09/21,154,154,150,152,12000,152,1
2007/09/25,153,153,151,152,7000,152,1
2007/09/26,151,153,149,152,10000,152,1
2007/09/27,157,157,146,149,45000,149,1
2007/09/28,150,150,148,148,18000,148,1
2007/10/01,147,148,145,145,15000,145,1
2007/10/02,149,153,144,153,52000,153,1
2007/10/03,153,157,149,149,63000,149,1
2007/10/04,151,151,130,146,87000,146,1
2007/10/05,143,146,142,143,18000,143,1
2007/10/09,148,148,142,146,39000,146,1
2007/10/10,147,147,145,146,10000,146,1
2007/10/11,147,147,143,144,26000,144,1
2007/10/12,144,145,144,144,3000,144,1
2007/10/15,144,144,144,144,9000,144,1
2007/10/16,141,141,132,140,41000,140,1
2007/10/17,140,140,138,138,3000,138,1
2007/10/18,136,139,135,139,9000,139,1
2007/10/19,137,137,132,135,34000,135,1
2007/10/22,130,131,130,130,16000,130,1
2007/10/23,132,133,132,133,2000,133,1
2007/10/24,131,133,129,129,8000,129,1
2007/10/25,129,132,129,129,12000,129,1
2007/10/29,129,131,129,130,8000,130,1
2007/10/30,131,131,125,125,9000,125,1
2007/10/31,130,130,130,130,1000,130,1
2007/11/01,131,131,129,129,2000,129,1
2007/11/02,129,130,126,130,4000,130,1
2007/11/05,129,133,128,128,6000,128,1
2007/11/06,128,131,128,131,2000,131,1
2007/11/07,126,126,120,120,11000,120,1
2007/11/08,122,125,122,125,4000,125,1
2007/11/09,121,123,121,122,7000,122,1
2007/11/12,119,122,110,119,14000,119,1
2007/11/13,115,119,114,119,5000,119,1
2007/11/14,122,122,118,120,3000,120,1
2007/11/15,117,122,116,119,14000,119,1
2007/11/16,110,115,110,114,9000,114,1
2007/11/19,109,114,108,111,10000,111,1
2007/11/20,110,110,100,105,35000,105,1
2007/11/21,100,104,100,104,9000,104,1
2007/11/22,104,104,100,102,6000,102,1
2007/11/26,105,105,101,101,5000,101,1
2007/11/27,101,103,101,103,4000,103,1
2007/11/28,103,103,102,103,6000,103,1
2007/11/29,104,114,104,109,17000,109,1
2007/11/30,117,117,108,110,16000,110,1
2007/12/03,118,118,115,115,10000,115,1
2007/12/04,114,114,114,114,2000,114,1
2007/12/05,116,116,111,114,10000,114,1
2007/12/06,114,114,111,111,11000,111,1
2007/12/07,109,110,106,108,6000,108,1
2007/12/10,113,113,113,113,1000,113,1
2007/12/11,109,110,105,106,13000,106,1
2007/12/12,108,108,108,108,2000,108,1
2007/12/13,106,106,105,105,5000,105,1
2007/12/14,106,109,105,109,6000,109,1
2007/12/17,110,110,109,109,15000,109,1
2007/12/18,109,113,109,113,17000,113,1
2007/12/19,113,122,113,119,26000,119,1
2007/12/20,124,124,110,110,25000,110,1
2007/12/21,108,110,108,109,12000,109,1
2007/12/25,109,110,106,107,16000,107,1
2007/12/26,107,108,107,108,11000,108,1
2007/12/27,108,112,108,112,4000,112,1
2007/12/28,111,114,111,113,5000,113,1
2008/01/04,112,112,103,103,8000,103,1
2008/01/07,110,110,110,110,1000,110,1
2008/01/08,106,106,106,106,1000,106,1
2008/01/09,104,105,104,105,5000,105,1
2008/01/11,102,102,102,102,3000,102,1
2008/01/15,101,101,99,99,6000,99,1
2008/01/16,98,98,87,92,31000,92,1
2008/01/17,90,94,90,94,4000,94,1
2008/01/18,86,93,86,93,8000,93,1
2008/01/21,93,93,93,93,4000,93,1
2008/01/22,89,90,87,87,8000,87,1
2008/01/24,88,94,88,94,9000,94,1
2008/01/25,94,94,92,92,10000,92,1
2008/01/28,90,94,90,94,4000,94,1
2008/01/29,95,95,95,95,2000,95,1
2008/01/30,96,97,96,96,3000,96,1
2008/01/31,96,99,85,93,35000,93,1
2008/02/01,94,95,92,95,4000,95,1
2008/02/04,93,93,91,93,5000,93,1
2008/02/05,96,96,96,96,1000,96,1
2008/02/06,93,93,91,91,5000,91,1
2008/02/07,94,94,94,94,1000,94,1
2008/02/08,92,92,90,90,6000,90,1
2008/02/12,90,90,90,90,2000,90,1
2008/02/13,91,91,90,90,2000,90,1
2008/02/15,92,92,90,92,14000,92,1
2008/02/18,92,93,92,93,4000,93,1
2008/02/20,91,91,91,91,1000,91,1
2008/02/21,88,90,88,90,4000,90,1
2008/02/22,91,93,90,90,7000,90,1
2008/02/25,94,95,92,92,11000,92,1
2008/02/26,94,96,94,94,9000,94,1
2008/02/27,94,95,94,95,3000,95,1
2008/02/28,95,95,95,95,4000,95,1
2008/03/03,92,92,90,90,18000,90,1
2008/03/04,90,90,90,90,15000,90,1
2008/03/05,91,91,89,90,4000,90,1
2008/03/06,90,90,90,90,6000,90,1
2008/03/07,88,88,88,88,7000,88,1
2008/03/10,86,86,83,83,14000,83,1
2008/03/11,83,87,83,84,6000,84,1
2008/03/12,90,90,86,87,4000,87,1
2008/03/13,85,85,78,82,15000,82,1
2008/03/14,82,84,82,84,2000,84,1
2008/03/17,80,80,80,80,1000,80,1
2008/03/19,81,81,79,79,7000,79,1
2008/03/21,85,85,84,84,5000,84,1
2008/03/24,83,83,83,83,2000,83,1
2008/03/25,83,83,83,83,5000,83,1
2008/03/26,81,85,81,85,4000,85,1
2008/03/27,86,86,85,85,2000,85,1
2008/03/31,80,82,80,81,7000,81,1
2008/04/01,81,83,81,83,5000,83,1
2008/04/02,82,87,82,87,7000,87,1
2008/04/04,88,89,88,89,6000,89,1
2008/04/07,84,87,84,85,12000,85,1
2008/04/08,86,86,81,81,10000,81,1
2008/04/09,83,88,83,88,7000,88,1
2008/04/14,82,83,82,82,12000,82,1
2008/04/15,84,87,84,85,6000,85,1
2008/04/16,84,84,84,84,1000,84,1
2008/04/17,83,88,83,88,6000,88,1
2008/04/18,88,107,88,97,161000,97,1
2008/04/21,102,102,93,93,32000,93,1
2008/04/22,95,95,91,92,9000,92,1
2008/04/23,91,92,88,92,28000,92,1
2008/04/24,93,93,89,89,11000,89,1
2008/04/25,94,119,93,119,523000,119,1
2008/04/28,124,125,106,108,282000,108,1
2008/04/30,107,107,98,104,62000,104,1
2008/05/01,102,103,99,99,19000,99,1
2008/05/02,103,128,103,115,610000,115,1
2008/05/07,108,110,106,108,65000,108,1
2008/05/08,109,117,108,115,31000,115,1
2008/05/09,115,117,112,112,16000,112,1
2008/05/12,110,115,107,108,22000,108,1
2008/05/13,108,109,108,109,10000,109,1
2008/05/14,111,111,108,109,15000,109,1
2008/05/15,106,109,106,109,6000,109,1
2008/05/16,111,111,108,109,8000,109,1
2008/05/19,108,110,108,110,6000,110,1
2008/05/20,109,113,109,113,12000,113,1
2008/05/21,111,113,111,113,8000,113,1
2008/05/22,112,112,106,108,12000,108,1
2008/05/23,111,113,111,113,6000,113,1
2008/05/26,109,111,107,107,12000,107,1
2008/05/27,107,111,107,111,5000,111,1
2008/05/28,109,111,109,111,2000,111,1
2008/05/29,108,109,105,108,13000,108,1
2008/05/30,108,108,108,108,1000,108,1
2008/06/02,113,113,113,113,6000,113,1
2008/06/03,110,110,110,110,5000,110,1
2008/06/04,111,112,108,109,6000,109,1
2008/06/05,110,112,108,111,7000,111,1
2008/06/06,110,110,109,109,3000,109,1
2008/06/09,104,104,104,104,2000,104,1
2008/06/10,105,106,105,105,9000,105,1
2008/06/11,102,102,100,100,8000,100,1
2008/06/12,100,104,100,101,7000,101,1
2008/06/16,100,102,100,102,2000,102,1
2008/06/18,102,102,99,99,5000,99,1
2008/06/19,101,101,99,99,2000,99,1
2008/06/23,99,103,99,100,12000,100,1
2008/06/24,98,98,98,98,2000,98,1
2008/06/25,104,113,100,104,40000,104,1
2008/06/26,103,103,99,99,15000,99,1
2008/06/27,98,104,96,96,6000,96,1
2008/06/30,94,94,94,94,1000,94,1
2008/07/01,97,101,97,100,6000,100,1
2008/07/02,97,100,97,100,2000,100,1
2008/07/03,98,98,98,98,1000,98,1
2008/07/04,100,100,97,97,10000,97,1
2008/07/08,96,96,96,96,1000,96,1
2008/07/09,96,96,96,96,1000,96,1
2008/07/10,96,96,96,96,1000,96,1
2008/07/11,96,96,96,96,2000,96,1
2008/07/14,96,96,95,95,2000,95,1
2008/07/15,95,95,94,94,2000,94,1
2008/07/16,93,93,91,91,9000,91,1
2008/07/17,90,93,90,93,2000,93,1
2008/07/18,89,89,88,88,4000,88,1
2008/07/22,84,84,84,84,1000,84,1
2008/07/24,88,89,88,89,4000,89,1
2008/07/25,92,92,87,87,6000,87,1
2008/07/28,87,87,87,87,3000,87,1
2008/07/29,85,85,85,85,1000,85,1
2008/07/31,87,89,86,89,3000,89,1
2008/08/01,87,88,85,88,11000,88,1
2008/08/04,87,87,85,86,4000,86,1
2008/08/05,87,87,87,87,2000,87,1
2008/08/06,86,86,86,86,1000,86,1
2008/08/08,86,86,83,83,4000,83,1
2008/08/11,88,88,88,88,2000,88,1
2008/08/14,90,90,90,90,2000,90,1
2008/08/18,88,88,88,88,5000,88,1
2008/08/25,88,88,83,85,7000,85,1
2008/08/26,84,84,84,84,1000,84,1
2008/08/27,84,84,81,84,6000,84,1
2008/08/28,84,84,81,84,5000,84,1
2008/08/29,79,82,79,82,5000,82,1
2008/09/01,83,83,83,83,1000,83,1
2008/09/02,78,81,76,81,8000,81,1
2008/09/03,80,80,80,80,1000,80,1
2008/09/04,75,75,74,74,6000,74,1
2008/09/05,79,81,75,75,9000,75,1
2008/09/08,71,71,71,71,1000,71,1
2008/09/09,75,75,75,75,9000,75,1
2008/09/10,75,75,75,75,1000,75,1
2008/09/11,71,75,71,75,20000,75,1
2008/09/12,77,77,77,77,1000,77,1
2008/09/16,62,71,62,71,16000,71,1
2008/09/17,76,77,73,77,6000,77,1
2008/09/18,72,72,70,70,2000,70,1
2008/09/24,69,76,69,72,3000,72,1
2008/09/25,78,78,78,78,4000,78,1
2008/09/26,73,73,73,73,1000,73,1
2008/09/30,70,70,65,70,9000,70,1
2008/10/02,67,68,63,68,14000,68,1
2008/10/03,65,66,57,63,13000,63,1
2008/10/06,58,65,58,65,7000,65,1
2008/10/07,55,55,40,53,112000,53,1
2008/10/08,50,66,47,66,47000,66,1
2008/10/09,65,73,57,73,94000,73,1
2008/10/10,70,71,69,71,16000,71,1
2008/10/14,73,74,70,74,26000,74,1
2008/10/15,74,75,74,75,5000,75,1
2008/10/16,72,72,71,71,11000,71,1
2008/10/17,70,71,70,71,8000,71,1
2008/10/20,70,70,70,70,4000,70,1
2008/10/21,71,77,71,76,32000,76,1
2008/10/22,78,78,78,78,3000,78,1
2008/10/23,75,75,72,72,14000,72,1
2008/10/24,78,78,74,74,8000,74,1
2008/10/27,74,76,72,73,34000,73,1
2008/10/28,72,75,70,75,33000,75,1
2008/10/29,76,76,75,76,13000,76,1
2008/10/30,76,76,75,75,16000,75,1
2008/10/31,73,76,73,76,8000,76,1
2008/11/04,74,74,74,74,4000,74,1
2008/11/05,76,76,75,75,3000,75,1
2008/11/06,74,74,74,74,1000,74,1
2008/11/11,71,71,71,71,1000,71,1
2008/11/12,73,76,73,74,16000,74,1
2008/11/13,74,74,74,74,3000,74,1
2008/11/14,73,73,73,73,3000,73,1
2008/11/18,73,73,73,73,5000,73,1
2008/11/19,73,73,71,71,8000,71,1
2008/11/20,71,71,70,70,6000,70,1
2008/11/21,70,73,68,72,20000,72,1
2008/11/25,77,94,77,86,82000,86,1
2008/11/26,91,91,86,86,22000,86,1
2008/11/27,85,86,85,86,3000,86,1
2008/12/01,87,90,87,90,9000,90,1
2008/12/02,89,89,89,89,1000,89,1
2008/12/03,89,91,89,91,2000,91,1
2008/12/04,88,88,88,88,1000,88,1
2008/12/05,87,89,83,89,35000,89,1
2008/12/08,85,85,83,83,2000,83,1
2008/12/09,83,83,82,82,4000,82,1
2008/12/10,80,82,76,82,19000,82,1
2008/12/11,78,83,78,83,7000,83,1
2008/12/12,78,81,75,75,18000,75,1
2008/12/15,65,75,65,75,10000,75,1
2008/12/16,70,75,70,74,4000,74,1
2008/12/18,72,77,72,77,4000,77,1
2008/12/22,72,75,70,75,11000,75,1
2008/12/24,71,75,70,75,4000,75,1
2008/12/25,75,79,75,79,5000,79,1
2008/12/26,74,74,74,74,1000,74,1
2008/12/29,73,74,73,74,2000,74,1
2008/12/30,73,76,73,76,7000,76,1
2009/01/05,81,81,81,81,2000,81,1
2009/01/06,80,80,80,80,1000,80,1
2009/01/07,77,81,77,81,2000,81,1
2009/01/13,79,79,79,79,1000,79,1
2009/01/15,75,78,75,78,2000,78,1
2009/01/16,73,75,73,75,4000,75,1
2009/01/19,76,80,75,80,17000,80,1
2009/01/20,76,76,76,76,2000,76,1
2009/01/21,73,76,73,76,12000,76,1
2009/01/23,78,78,78,78,3000,78,1
2009/01/28,74,74,73,74,5000,74,1
2009/01/29,75,75,75,75,1000,75,1
2009/02/02,73,74,73,74,2000,74,1
2009/02/03,73,73,73,73,1000,73,1
2009/02/05,74,74,74,74,2000,74,1
2009/02/06,73,73,73,73,1000,73,1
2009/02/09,71,73,71,73,2000,73,1
2009/02/16,68,72,68,72,2000,72,1
2009/02/17,62,72,62,72,9000,72,1
2009/02/18,67,71,67,71,6000,71,1
2009/02/20,70,73,63,70,19000,70,1
2009/02/23,68,70,67,67,9000,67,1
2009/02/24,66,66,66,66,3000,66,1
2009/02/25,75,75,66,68,17000,68,1
2009/03/02,68,68,65,65,3000,65,1
2009/03/03,65,68,65,68,3000,68,1
2009/03/04,66,68,66,68,2000,68,1
2009/03/05,72,75,70,70,10000,70,1
2009/03/09,73,73,73,73,1000,73,1
2009/03/10,73,73,73,73,1000,73,1
2009/03/11,73,77,70,77,12000,77,1
2009/03/12,73,76,72,76,6000,76,1
2009/03/13,77,82,75,82,17000,82,1
2009/03/16,87,87,82,83,14000,83,1
2009/03/17,81,81,78,80,14000,80,1
2009/03/18,78,79,77,78,9000,78,1
2009/03/19,78,78,73,74,22000,74,1
2009/03/23,72,74,71,74,11000,74,1
2009/03/24,74,76,74,74,14000,74,1
2009/03/25,76,79,76,77,15000,77,1
2009/03/26,76,77,76,76,27000,76,1
2009/03/27,75,76,74,76,6000,76,1
2009/03/30,74,86,68,69,460000,69,1
2009/03/31,70,70,66,67,61000,67,1
2009/04/01,67,68,66,67,21000,67,1
2009/04/02,68,68,66,67,44000,67,1
2009/04/03,67,68,65,68,49000,68,1
2009/04/06,69,69,60,62,337000,62,1
2009/04/07,62,65,61,65,84000,65,1
2009/04/08,66,67,64,65,34000,65,1
2009/04/09,67,67,64,66,33000,66,1
2009/04/10,65,67,64,67,32000,67,1
2009/04/13,66,68,64,67,28000,67,1
2009/04/14,67,68,67,68,29000,68,1
2009/04/15,68,68,66,68,31000,68,1
2009/04/16,68,68,67,68,13000,68,1
2009/04/17,66,69,66,69,31000,69,1
2009/04/20,67,70,67,69,35000,69,1
2009/04/21,67,68,67,68,7000,68,1
2009/04/22,67,70,67,70,20000,70,1
2009/04/23,69,74,68,71,173000,71,1
2009/04/24,74,75,71,72,144000,72,1
2009/04/27,71,73,71,73,31000,73,1
2009/04/28,72,72,68,68,65000,68,1
2009/04/30,67,67,65,67,43000,67,1
2009/05/01,67,67,66,66,27000,66,1
2009/05/07,67,68,65,68,21000,68,1
2009/05/08,67,68,67,67,6000,67,1
2009/05/11,67,68,66,67,75000,67,1
2009/05/12,67,68,67,67,13000,67,1
2009/05/13,67,71,67,70,32000,70,1
2009/05/14,70,70,68,69,10000,69,1
2009/05/15,69,70,69,70,7000,70,1
2009/05/18,69,70,68,70,26000,70,1
2009/05/19,70,71,69,71,17000,71,1
2009/05/20,72,72,71,72,20000,72,1
2009/05/21,71,72,71,72,9000,72,1
2009/05/22,71,71,71,71,1000,71,1
2009/05/25,72,76,72,75,94000,75,1
2009/05/26,76,76,76,76,7000,76,1
2009/05/27,73,75,73,74,8000,74,1
2009/05/28,71,75,71,75,9000,75,1
2009/05/29,76,76,76,76,2000,76,1
2009/06/01,75,77,74,77,50000,77,1
2009/06/02,77,77,76,77,3000,77,1
2009/06/03,77,78,77,77,28000,77,1
2009/06/04,78,80,77,79,35000,79,1
2009/06/05,79,85,79,85,53000,85,1
2009/06/08,85,85,83,84,18000,84,1
2009/06/09,84,86,83,83,35000,83,1
2009/06/10,84,88,84,88,48000,88,1
2009/06/11,89,94,89,93,67000,93,1
2009/06/12,93,94,88,94,19000,94,1
2009/06/15,96,100,95,98,70000,98,1
2009/06/16,99,99,94,97,60000,97,1
2009/06/17,96,98,92,96,24000,96,1
2009/06/18,96,96,88,90,44000,90,1
2009/06/19,91,103,90,100,68000,100,1
2009/06/22,100,100,95,95,48000,95,1
2009/06/23,95,95,91,95,14000,95,1
2009/06/24,94,97,94,94,15000,94,1
2009/06/25,96,97,92,97,27000,97,1
2009/06/26,98,103,95,103,65000,103,1
2009/06/29,98,105,98,105,105000,105,1
2009/06/30,105,105,99,100,93000,100,1
2009/07/01,99,105,97,104,104000,104,1
2009/07/02,103,103,100,101,69000,101,1
2009/07/03,99,102,98,102,12000,102,1
2009/07/06,104,104,100,102,23000,102,1
2009/07/07,100,100,99,99,13000,99,1
2009/07/08,98,98,94,97,35000,97,1
2009/07/09,96,96,94,96,14000,96,1
2009/07/10,96,96,94,95,10000,95,1
2009/07/13,92,92,85,86,45000,86,1
2009/07/14,86,89,84,89,11000,89,1
2009/07/15,90,90,90,90,1000,90,1
2009/07/16,92,96,88,95,36000,95,1
2009/07/17,95,103,94,103,59000,103,1
2009/07/21,104,105,103,103,36000,103,1
2009/07/22,101,103,100,103,9000,103,1
2009/07/23,101,103,101,102,18000,102,1
2009/07/24,100,101,99,101,15000,101,1
2009/07/27,101,102,100,100,19000,100,1
2009/07/28,100,100,100,100,6000,100,1
2009/07/29,100,102,99,101,14000,101,1
2009/07/30,100,102,100,101,18000,101,1
2009/07/31,101,101,98,100,14000,100,1
2009/08/03,100,100,100,100,37000,100,1
2009/08/04,101,101,100,100,19000,100,1
2009/08/05,100,100,100,100,16000,100,1
2009/08/06,100,100,100,100,15000,100,1
2009/08/07,100,101,99,101,16000,101,1
2009/08/10,100,104,100,104,19000,104,1
2009/08/11,104,104,102,103,13000,103,1
2009/08/12,102,102,101,101,3000,101,1
2009/08/13,103,103,101,102,5000,102,1
2009/08/14,101,103,99,99,27000,99,1
2009/08/17,99,100,99,100,46000,100,1
2009/08/18,98,102,98,98,48000,98,1
2009/08/19,98,100,98,100,15000,100,1
2009/08/20,103,148,103,143,1407000,143,1
2009/08/21,133,157,128,142,1130000,142,1
2009/08/24,137,143,134,136,199000,136,1
2009/08/25,134,136,129,131,85000,131,1
2009/08/26,131,135,127,134,41000,134,1
2009/08/27,132,142,131,137,80000,137,1
2009/08/28,135,148,135,145,87000,145,1
2009/08/31,150,177,147,170,1205000,170,1
2009/09/01,185,190,171,171,614000,171,1
2009/09/02,168,168,154,159,243000,159,1
2009/09/03,154,155,144,152,335000,152,1
2009/09/04,152,156,150,155,103000,155,1
2009/09/07,155,165,154,163,168000,163,1
2009/09/08,170,171,160,165,212000,165,1
2009/09/09,165,165,158,158,65000,158,1
2009/09/10,156,160,155,157,59000,157,1
2009/09/11,160,160,153,155,65000,155,1
2009/09/14,157,157,139,147,196000,147,1
2009/09/15,147,160,142,153,119000,153,1
2009/09/16,152,160,150,158,106000,158,1
2009/09/17,159,162,153,156,181000,156,1
2009/09/18,156,167,151,167,148000,167,1
2009/09/24,147,155,147,152,104000,152,1
2009/09/25,151,152,145,147,48000,147,1
2009/09/28,147,147,140,142,50000,142,1
2009/09/29,140,141,117,123,225000,123,1
2009/09/30,121,125,118,121,95000,121,1
2009/10/01,119,122,113,116,83000,116,1
2009/10/02,112,112,110,111,22000,111,1
2009/10/05,116,116,102,105,35000,105,1
2009/10/06,106,118,104,109,56000,109,1
2009/10/07,109,116,109,116,19000,116,1
2009/10/08,113,119,113,116,51000,116,1
2009/10/09,115,115,112,114,19000,114,1
2009/10/13,116,116,114,114,6000,114,1
2009/10/14,117,117,112,113,7000,113,1
2009/10/15,116,116,112,113,26000,113,1
2009/10/16,113,115,113,114,8000,114,1
2009/10/19,117,117,112,113,14000,113,1
2009/10/20,113,114,113,114,9000,114,1
2009/10/21,112,125,112,125,46000,125,1
2009/10/22,122,125,122,123,27000,123,1
2009/10/23,128,132,128,129,66000,129,1
2009/10/26,134,137,128,128,46000,128,1
2009/10/27,130,132,127,130,13000,130,1
2009/10/28,131,131,124,124,23000,124,1
2009/10/29,114,123,114,120,34000,120,1
2009/10/30,117,126,117,119,10000,119,1
2009/11/02,118,118,114,115,6000,115,1
2009/11/04,115,119,111,119,20000,119,1
2009/11/05,121,124,118,118,16000,118,1
2009/11/06,122,122,117,120,29000,120,1
2009/11/09,119,121,119,121,16000,121,1
2009/11/10,120,120,119,119,5000,119,1
2009/11/11,116,118,113,117,31000,117,1
2009/11/12,113,117,113,114,5000,114,1
2009/11/13,113,115,113,113,20000,113,1
2009/11/16,114,114,111,111,12000,111,1
2009/11/17,110,110,108,108,29000,108,1
2009/11/18,103,104,100,100,59000,100,1
2009/11/19,93,98,92,94,21000,94,1
2009/11/20,94,109,94,109,32000,109,1
2009/11/24,109,109,101,106,28000,106,1
2009/11/25,107,107,105,105,3000,105,1
2009/11/26,104,104,100,103,25000,103,1
2009/11/27,105,105,100,101,9000,101,1
2009/11/30,100,100,96,98,25000,98,1
2009/12/01,95,100,95,98,13000,98,1
2009/12/02,98,99,98,99,10000,99,1
2009/12/03,100,102,96,101,14000,101,1
2009/12/04,101,102,99,99,15000,99,1
2009/12/07,100,100,99,100,18000,100,1
2009/12/08,100,100,100,100,8000,100,1
2009/12/09,100,100,100,100,4000,100,1
2009/12/10,100,101,100,101,4000,101,1
2009/12/11,100,104,97,104,17000,104,1
2009/12/14,104,104,99,99,9000,99,1
2009/12/15,97,99,97,99,14000,99,1
2009/12/16,101,101,100,100,3000,100,1
2009/12/17,98,101,98,101,6000,101,1
2009/12/18,102,102,100,101,25000,101,1
2009/12/21,100,100,99,99,22000,99,1
2009/12/22,100,101,98,98,17000,98,1
2009/12/24,100,109,100,104,34000,104,1
2009/12/25,107,107,100,104,33000,104,1
2009/12/28,104,104,99,100,27000,100,1
2009/12/29,99,100,98,100,26000,100,1
2009/12/30,98,100,98,100,9000,100,1
2010/01/04,100,100,100,100,29000,100,1
2010/01/05,103,103,102,102,16000,102,1
2010/01/06,103,105,103,105,12000,105,1
2010/01/07,105,105,105,105,12000,105,1
2010/01/08,106,115,106,110,82000,110,1
2010/01/12,114,114,108,110,30000,110,1
2010/01/13,108,108,107,107,3000,107,1
2010/01/14,112,115,109,111,17000,111,1
2010/01/15,111,114,111,113,11000,113,1
2010/01/18,110,113,108,108,19000,108,1
2010/01/19,108,108,108,108,4000,108,1
2010/01/20,109,110,109,110,3000,110,1
2010/01/21,110,110,108,109,9000,109,1
2010/01/22,107,109,107,107,8000,107,1
2010/01/25,108,108,101,105,29000,105,1
2010/01/26,107,108,105,105,7000,105,1
2010/01/27,105,105,105,105,2000,105,1
2010/01/28,108,109,105,107,10000,107,1
2010/01/29,107,107,105,106,9000,106,1
2010/02/01,105,108,105,107,8000,107,1
2010/02/02,107,107,103,105,6000,105,1
2010/02/03,105,105,105,105,2000,105,1
2010/02/04,104,105,104,105,6000,105,1
2010/02/05,100,103,100,100,43000,100,1
2010/02/08,102,103,100,100,10000,100,1
2010/02/09,102,103,100,100,27000,100,1
2010/02/10,103,114,103,109,92000,109,1
2010/02/12,113,138,113,116,239000,116,1
2010/02/15,118,119,108,108,54000,108,1
2010/02/16,105,113,105,113,31000,113,1
2010/02/17,108,110,105,105,17000,105,1
2010/02/18,106,107,105,105,7000,105,1
2010/02/19,105,105,105,105,1000,105,1
2010/02/22,105,105,102,102,13000,102,1
2010/02/23,104,104,101,102,32000,102,1
2010/02/24,102,102,102,102,1000,102,1
2010/02/25,106,106,102,103,44000,103,1
2010/02/26,106,106,105,105,9000,105,1
2010/03/01,106,106,104,105,16000,105,1
2010/03/02,104,105,103,105,9000,105,1
2010/03/03,105,105,105,105,12000,105,1
2010/03/04,106,106,103,104,25000,104,1
2010/03/05,104,104,104,104,16000,104,1
2010/03/08,105,105,105,105,9000,105,1
2010/03/09,105,105,104,105,29000,105,1
2010/03/10,105,105,104,104,9000,104,1
2010/03/11,104,105,104,104,12000,104,1
2010/03/12,104,107,102,107,41000,107,1
2010/03/15,107,107,106,106,6000,106,1
2010/03/16,106,106,105,105,3000,105,1
2010/03/17,108,108,105,105,7000,105,1
2010/03/18,105,105,105,105,7000,105,1
2010/03/19,105,117,103,108,54000,108,1
2010/03/23,109,109,108,109,4000,109,1
2010/03/24,108,111,108,110,7000,110,1
2010/03/25,110,110,107,108,12000,108,1
2010/03/26,105,105,102,105,73000,105,1
2010/03/29,105,106,105,106,3000,106,1
2010/03/30,106,106,106,106,1000,106,1
2010/03/31,104,106,104,106,11000,106,1
2010/04/01,106,106,105,106,6000,106,1
2010/04/02,106,110,106,110,26000,110,1
2010/04/05,106,107,106,106,13000,106,1
2010/04/06,106,108,105,108,30000,108,1
2010/04/07,106,109,106,109,10000,109,1
2010/04/08,109,109,107,108,4000,108,1
2010/04/09,107,107,107,107,1000,107,1
2010/04/12,107,108,106,108,18000,108,1
2010/04/13,108,112,108,109,48000,109,1
2010/04/14,110,110,108,108,29000,108,1
2010/04/15,109,109,109,109,10000,109,1
2010/04/16,108,109,106,108,45000,108,1
2010/04/19,113,137,110,121,567000,121,1
2010/04/20,124,124,115,115,74000,115,1
2010/04/21,119,121,117,117,33000,117,1
2010/04/22,118,122,117,122,22000,122,1
2010/04/23,123,124,121,122,29000,122,1
2010/04/26,122,130,122,124,58000,124,1
2010/04/27,128,128,126,126,21000,126,1
2010/04/28,122,124,122,123,12000,123,1
2010/04/30,126,126,123,123,5000,123,1
2010/05/06,123,123,121,122,5000,122,1
2010/05/07,120,120,117,119,8000,119,1
2010/05/10,119,121,119,121,10000,121,1
2010/05/11,120,120,117,118,5000,118,1
2010/05/12,118,118,116,116,12000,116,1
2010/05/13,115,118,115,118,10000,118,1
2010/05/14,120,120,118,120,6000,120,1
2010/05/17,119,119,113,114,10000,114,1
2010/05/18,119,119,111,111,23000,111,1
2010/05/19,109,109,107,107,20000,107,1
2010/05/20,105,108,105,108,3000,108,1
2010/05/21,104,105,104,105,2000,105,1
2010/05/24,105,110,105,110,9000,110,1
2010/05/25,106,108,106,108,4000,108,1
2010/05/26,106,112,106,112,3000,112,1
2010/05/27,112,112,112,112,1000,112,1
2010/05/28,112,112,112,112,2000,112,1
2010/05/31,110,110,110,110,1000,110,1
2010/06/01,109,109,108,108,2000,108,1
2010/06/02,108,108,103,108,13000,108,1
2010/06/03,108,108,106,108,3000,108,1
2010/06/04,109,110,107,107,7000,107,1
2010/06/07,110,110,107,107,8000,107,1
2010/06/08,109,110,107,107,5000,107,1
2010/06/09,108,108,102,107,11000,107,1
2010/06/10,107,107,106,107,15000,107,1
2010/06/11,108,108,105,107,6000,107,1
2010/06/14,107,108,107,108,7000,108,1
2010/06/15,110,111,110,111,3000,111,1
2010/06/16,110,110,108,110,16000,110,1
2010/06/17,108,108,108,108,2000,108,1
2010/06/18,108,108,108,108,6000,108,1
2010/06/21,108,109,108,108,11000,108,1
2010/06/22,109,113,109,111,13000,111,1
2010/06/23,111,116,111,116,10000,116,1
2010/06/24,113,115,112,115,11000,115,1
2010/06/25,111,111,110,111,10000,111,1
2010/06/28,112,112,109,109,9000,109,1
2010/06/29,109,109,108,109,19000,109,1
2010/06/30,107,108,107,108,4000,108,1
2010/07/01,108,108,108,108,4000,108,1
2010/07/05,110,113,110,111,16000,111,1
2010/07/06,110,110,109,109,10000,109,1
2010/07/07,108,109,108,109,10000,109,1
2010/07/08,110,110,110,110,3000,110,1
2010/07/09,107,108,105,108,47000,108,1
2010/07/13,107,109,107,109,5000,109,1
2010/07/14,107,108,107,107,8000,107,1
2010/07/15,106,106,105,105,6000,105,1
2010/07/16,106,106,103,103,6000,103,1
2010/07/20,103,103,101,103,17000,103,1
2010/07/21,103,103,101,103,19000,103,1
2010/07/22,101,103,100,103,7000,103,1
2010/07/23,102,104,100,104,14000,104,1
2010/07/26,105,105,102,104,8000,104,1
2010/07/27,100,102,100,102,22000,102,1
2010/07/28,100,102,100,102,11000,102,1
2010/07/29,101,102,101,101,8000,101,1
2010/07/30,101,101,101,101,8000,101,1
2010/08/02,100,104,100,100,10000,100,1
2010/08/03,101,101,100,100,8000,100,1
2010/08/04,100,102,96,102,36000,102,1
2010/08/05,104,104,99,102,21000,102,1
2010/08/06,100,103,100,103,7000,103,1
2010/08/09,100,100,98,100,19000,100,1
2010/08/10,101,103,99,101,7000,101,1
2010/08/11,99,102,99,102,9000,102,1
2010/08/12,99,101,98,98,15000,98,1
2010/08/13,98,101,98,100,5000,100,1
2010/08/16,102,103,102,103,4000,103,1
2010/08/17,102,103,101,103,11000,103,1
2010/08/18,99,101,97,101,18000,101,1
2010/08/19,99,101,99,101,3000,101,1
2010/08/20,103,104,100,104,7000,104,1
2010/08/23,104,104,98,100,7000,100,1
2010/08/24,101,102,100,102,6000,102,1
2010/08/25,101,101,96,98,17000,98,1
2010/08/26,97,100,97,100,6000,100,1
2010/08/27,97,98,95,96,19000,96,1
2010/08/30,98,98,94,98,4000,98,1
2010/08/31,94,94,92,94,19000,94,1
2010/09/01,95,98,94,98,6000,98,1
2010/09/02,98,100,97,99,16000,99,1
2010/09/03,100,100,98,98,8000,98,1
2010/09/06,99,100,98,100,18000,100,1
2010/09/07,100,101,100,101,2000,101,1
2010/09/08,98,98,98,98,3000,98,1
2010/09/09,98,101,98,101,4000,101,1
2010/09/10,99,100,99,100,210000,100,1
2010/09/13,101,103,101,103,11000,103,1
2010/09/14,100,100,100,100,4000,100,1
2010/09/15,99,100,99,100,7000,100,1
2010/09/16,101,102,100,102,11000,102,1
2010/09/17,102,103,100,102,7000,102,1
2010/09/21,100,102,100,102,10000,102,1
2010/09/22,100,106,100,106,10000,106,1
2010/09/24,106,106,100,102,11000,102,1
2010/09/27,96,99,96,99,12000,99,1
2010/09/28,98,99,97,99,6000,99,1
2010/09/29,98,98,96,96,11000,96,1
2010/09/30,95,96,95,96,2000,96,1
2010/10/01,95,96,91,93,11000,93,1
2010/10/04,93,94,93,94,8000,94,1
2010/10/05,97,97,97,97,4000,97,1
2010/10/06,97,97,90,94,42000,94,1
2010/10/07,94,94,90,90,19000,90,1
2010/10/08,91,92,87,89,25000,89,1
2010/10/12,89,89,85,86,32000,86,1
2010/10/13,86,88,86,87,3000,87,1
2010/10/15,86,86,83,85,14000,85,1
2010/10/18,85,85,85,85,2000,85,1
2010/10/19,88,88,87,87,4000,87,1
2010/10/20,86,86,86,86,1000,86,1
2010/10/21,84,84,82,84,7000,84,1
2010/10/22,84,84,81,83,9000,83,1
2010/10/25,84,84,83,83,8000,83,1
2010/10/26,85,85,85,85,1000,85,1
2010/10/27,83,86,81,85,15000,85,1
2010/10/28,83,85,83,85,4000,85,1
2010/10/29,83,88,83,88,5000,88,1
2010/11/01,85,85,85,85,2000,85,1
2010/11/04,85,85,85,85,1000,85,1
2010/11/05,90,90,85,85,7000,85,1
2010/11/08,85,85,85,85,1000,85,1
2010/11/09,86,86,86,86,1000,86,1
2010/11/10,88,88,85,88,4000,88,1
2010/11/12,87,88,87,88,8000,88,1
2010/11/16,88,88,88,88,3000,88,1
2010/11/17,88,88,88,88,2000,88,1
2010/11/18,88,88,87,88,5000,88,1
2010/11/19,88,89,87,89,6000,89,1
2010/11/22,90,90,89,89,3000,89,1
2010/11/24,88,88,85,87,16000,87,1
2010/11/25,89,91,87,90,19000,90,1
2010/11/26,90,91,90,91,6000,91,1
2010/11/29,91,91,90,91,7000,91,1
2010/11/30,91,97,91,97,6000,97,1
2010/12/01,94,96,93,96,5000,96,1
2010/12/02,94,95,94,95,3000,95,1
2010/12/03,97,97,94,96,6000,96,1
2010/12/06,96,96,94,96,6000,96,1
2010/12/08,97,98,94,94,6000,94,1
2010/12/09,94,96,94,94,4000,94,1
2010/12/10,96,96,96,96,1000,96,1
2010/12/13,94,94,94,94,2000,94,1
2010/12/14,92,96,92,96,7000,96,1
2010/12/15,96,96,93,94,3000,94,1
2010/12/16,94,95,94,95,30000,95,1
2010/12/17,96,101,96,101,25000,101,1
2010/12/20,101,101,99,101,7000,101,1
2010/12/21,98,98,96,98,11000,98,1
2010/12/22,99,99,94,97,47000,97,1
2010/12/24,97,97,95,97,18000,97,1
2010/12/27,96,96,95,96,20000,96,1
2010/12/28,96,98,96,98,5000,98,1
2010/12/29,98,98,96,97,11000,97,1
2010/12/30,98,98,98,98,5000,98,1
2011/01/04,96,102,96,100,12000,100,1
2011/01/05,102,102,101,102,10000,102,1
2011/01/06,101,105,100,105,17000,105,1
2011/01/07,105,105,102,102,4000,102,1
2011/01/11,105,105,102,104,15000,104,1
2011/01/12,104,104,102,102,7000,102,1
2011/01/13,102,103,102,103,6000,103,1
2011/01/14,103,103,102,103,5000,103,1
2011/01/17,103,103,102,102,18000,102,1
2011/01/18,102,103,101,102,10000,102,1
2011/01/19,102,102,101,102,9000,102,1
2011/01/20,102,102,100,101,7000,101,1
2011/01/21,100,101,100,101,10000,101,1
2011/01/24,100,101,100,101,11000,101,1
2011/01/25,102,103,100,101,25000,101,1
2011/01/26,102,102,101,101,21000,101,1
2011/01/27,101,103,101,102,8000,102,1
2011/01/28,102,102,101,101,20000,101,1
2011/01/31,101,101,98,101,34000,101,1
2011/02/01,102,102,100,100,16000,100,1
2011/02/02,100,101,98,101,17000,101,1
2011/02/03,101,102,101,102,10000,102,1
2011/02/04,103,103,100,101,19000,101,1
2011/02/07,102,102,100,101,43000,101,1
2011/02/08,101,101,98,98,91000,98,1
2011/02/09,100,100,97,100,55000,100,1
2011/02/10,99,99,98,99,11000,99,1
2011/02/14,99,100,98,100,26000,100,1
2011/02/15,100,101,100,101,20000,101,1
2011/02/16,99,100,98,99,21000,99,1
2011/02/17,99,99,98,99,14000,99,1
2011/02/18,99,99,98,98,15000,98,1
2011/02/21,98,98,97,97,12000,97,1
2011/02/22,97,97,96,97,21000,97,1
2011/02/23,98,98,94,96,21000,96,1
2011/02/24,95,95,94,94,15000,94,1
2011/02/25,94,95,93,94,15000,94,1
2011/02/28,95,95,95,95,4000,95,1
2011/03/01,95,95,93,94,12000,94,1
2011/03/02,96,96,96,96,3000,96,1
2011/03/03,96,98,96,97,8000,97,1
2011/03/04,99,99,99,99,4000,99,1
2011/03/07,98,99,98,98,12000,98,1
2011/03/08,98,98,98,98,1000,98,1
2011/03/09,97,98,97,98,4000,98,1
2011/03/10,98,98,95,96,9000,96,1
2011/03/11,95,95,90,91,74000,91,1
2011/03/14,86,86,70,71,157000,71,1
2011/03/15,70,70,57,69,80000,69,1
2011/03/16,64,73,64,70,39000,70,1
2011/03/17,68,73,68,73,17000,73,1
2011/03/18,66,76,66,76,200000,76,1
2011/03/22,79,81,77,81,40000,81,1
2011/03/23,83,83,79,83,34000,83,1
2011/03/24,83,83,80,81,10000,81,1
2011/03/25,82,82,81,81,15000,81,1
2011/03/28,80,80,74,80,38000,80,1
2011/03/29,75,78,75,78,15000,78,1
2011/03/30,77,79,76,79,19000,79,1
2011/03/31,79,83,79,82,24000,82,1
2011/04/01,81,81,81,81,9000,81,1
2011/04/04,82,83,80,83,13000,83,1
2011/04/05,82,82,80,81,13000,81,1
2011/04/06,82,82,79,79,4000,79,1
2011/04/07,80,80,78,79,4000,79,1
2011/04/08,80,81,80,81,3000,81,1
2011/04/11,80,81,78,81,18000,81,1
2011/04/13,79,79,78,78,3000,78,1
2011/04/14,77,81,77,81,5000,81,1
2011/04/15,80,82,80,80,12000,80,1
2011/04/18,81,81,78,80,9000,80,1
2011/04/19,81,82,77,77,12000,77,1
2011/04/20,81,81,78,80,8000,80,1
2011/04/21,81,81,80,80,7000,80,1
2011/04/22,79,80,79,80,4000,80,1
2011/04/25,82,82,80,80,7000,80,1
2011/04/26,80,80,80,80,1000,80,1
2011/04/27,82,82,81,81,5000,81,1
2011/04/28,80,84,80,83,19000,83,1
2011/05/02,85,87,85,85,18000,85,1
2011/05/06,85,85,85,85,6000,85,1
2011/05/09,84,86,84,84,9000,84,1
2011/05/10,86,95,86,87,42000,87,1
2011/05/11,89,101,88,91,232000,91,1
2011/05/12,91,93,89,93,17000,93,1
2011/05/13,93,93,87,88,19000,88,1
2011/05/16,88,88,84,84,12000,84,1
2011/05/17,85,86,85,86,2000,86,1
2011/05/18,86,86,86,86,2000,86,1
2011/05/19,84,85,83,83,5000,83,1
2011/05/20,84,84,82,82,3000,82,1
2011/05/23,84,85,82,82,15000,82,1
2011/05/25,87,87,82,84,10000,84,1
2011/05/26,83,83,81,83,28000,83,1
2011/05/27,81,82,81,82,2000,82,1
2011/05/30,85,85,85,85,4000,85,1
2011/06/02,83,86,83,85,15000,85,1
2011/06/03,86,86,82,82,11000,82,1
2011/06/06,82,82,81,81,4000,81,1
2011/06/07,80,80,80,80,2000,80,1
2011/06/08,80,80,78,80,7000,80,1
2011/06/09,78,79,78,79,5000,79,1
2011/06/10,79,80,78,78,7000,78,1
2011/06/13,81,81,81,81,4000,81,1
2011/06/14,81,81,81,81,3000,81,1
2011/06/15,82,83,82,83,6000,83,1
2011/06/16,83,83,83,83,5000,83,1
2011/06/17,83,83,80,82,10000,82,1
2011/06/20,82,87,82,86,7000,86,1
2011/06/21,84,86,84,86,4000,86,1
2011/06/22,88,90,86,88,26000,88,1
2011/06/23,91,92,91,92,13000,92,1
2011/06/24,92,92,89,91,12000,91,1
2011/06/27,94,94,90,90,6000,90,1
2011/06/28,92,92,92,92,6000,92,1
2011/06/29,92,93,92,92,6000,92,1
2011/06/30,92,92,90,90,11000,90,1
2011/07/01,90,90,89,89,3000,89,1
2011/07/04,90,92,89,91,4000,91,1
2011/07/05,92,92,89,89,9000,89,1
2011/07/06,89,90,89,90,4000,90,1
2011/07/07,92,92,90,92,12000,92,1
2011/07/08,92,94,92,94,28000,94,1
2011/07/11,95,95,93,94,31000,94,1
2011/07/12,94,94,86,92,23000,92,1
2011/07/13,91,91,89,91,8000,91,1
2011/07/14,93,93,90,90,4000,90,1
2011/07/15,90,94,90,90,11000,90,1
2011/07/19,90,94,90,94,9000,94,1
2011/07/20,90,92,90,91,5000,91,1
2011/07/21,91,91,90,90,4000,90,1
2011/07/22,90,90,90,90,1000,90,1
2011/07/25,90,90,89,90,5000,90,1
2011/07/26,90,90,90,90,1000,90,1
2011/07/27,88,89,88,89,4000,89,1
2011/07/28,88,89,87,87,11000,87,1
2011/07/29,87,89,87,89,2000,89,1
2011/08/01,89,89,88,88,3000,88,1
2011/08/02,88,88,87,87,6000,87,1
2011/08/03,87,87,86,86,6000,86,1
2011/08/04,86,86,85,85,7000,85,1
2011/08/05,87,87,83,83,19000,83,1
2011/08/08,82,86,81,86,7000,86,1
2011/08/09,78,81,74,81,22000,81,1
2011/08/10,82,87,82,87,14000,87,1
2011/08/11,87,87,85,85,9000,85,1
2011/08/12,84,87,84,87,2000,87,1
2011/08/15,88,88,88,88,1000,88,1
2011/08/16,86,90,86,90,6000,90,1
2011/08/17,88,88,82,85,15000,85,1
2011/08/18,84,85,81,85,17000,85,1
2011/08/19,83,83,80,83,6000,83,1
2011/08/23,82,83,81,81,5000,81,1
2011/08/25,83,84,83,84,3000,84,1
2011/08/26,83,83,83,83,2000,83,1
2011/08/29,80,83,80,83,5000,83,1
2011/08/31,84,84,84,84,1000,84,1
2011/09/01,81,85,81,85,4000,85,1
2011/09/02,82,82,82,82,5000,82,1
2011/09/05,83,84,83,84,10000,84,1
2011/09/06,82,84,81,84,8000,84,1
2011/09/07,82,82,81,81,4000,81,1
2011/09/08,82,82,82,82,1000,82,1
2011/09/09,84,84,82,82,5000,82,1
2011/09/13,84,84,84,84,1000,84,1
2011/09/14,84,84,84,84,1000,84,1
2011/09/15,81,81,81,81,2000,81,1
2011/09/16,82,82,81,81,6000,81,1
2011/09/20,80,80,80,80,5000,80,1
2011/09/21,80,80,80,80,1000,80,1
2011/09/22,80,80,76,79,6000,79,1
2011/09/26,76,76,71,71,19000,71,1
2011/09/27,73,77,73,77,7000,77,1
2011/09/28,77,77,77,77,1000,77,1
2011/09/29,73,74,73,74,4000,74,1
2011/09/30,74,75,74,74,9000,74,1
2011/10/03,73,75,73,75,6000,75,1
2011/10/04,74,75,73,73,4000,73,1
2011/10/05,76,76,70,70,24000,70,1
2011/10/06,71,72,71,72,5000,72,1
2011/10/07,70,70,70,70,1000,70,1
2011/10/11,72,72,72,72,1000,72,1
2011/10/12,71,72,71,72,3000,72,1
2011/10/13,72,73,71,73,6000,73,1
2011/10/17,71,73,71,73,5000,73,1
2011/10/18,71,72,71,72,2000,72,1
2011/10/19,73,73,70,70,10000,70,1
2011/10/20,71,71,71,71,2000,71,1
2011/10/21,72,72,70,70,3000,70,1
2011/10/24,73,73,73,73,1000,73,1
2011/10/25,73,73,73,73,1000,73,1
2011/10/27,72,74,72,74,13000,74,1
2011/10/31,76,76,76,76,4000,76,1
2011/11/01,76,76,76,76,2000,76,1
2011/11/02,75,75,75,75,1000,75,1
2011/11/04,78,78,78,78,4000,78,1
2011/11/07,75,75,75,75,3000,75,1
2011/11/08,76,76,76,76,3000,76,1
2011/11/09,75,76,75,76,3000,76,1
2011/11/10,73,73,72,72,5000,72,1
2011/11/11,72,72,72,72,1000,72,1
2011/11/14,72,73,72,73,7000,73,1
2011/11/15,69,73,60,70,47000,70,1
2011/11/16,68,70,68,70,4000,70,1
2011/11/17,70,70,68,68,2000,68,1
2011/11/21,67,70,67,70,3000,70,1
2011/11/22,65,69,65,69,8000,69,1
2011/11/24,69,69,69,69,1000,69,1
2011/11/25,72,72,72,72,2000,72,1
2011/11/28,70,70,70,70,1000,70,1
2011/11/29,71,71,69,69,10000,69,1
2011/12/01,71,71,71,71,2000,71,1
2011/12/02,70,73,70,72,11000,72,1
2011/12/05,76,76,75,75,6000,75,1
2011/12/06,75,75,75,75,6000,75,1
2011/12/07,72,75,72,74,5000,74,1
2011/12/08,73,73,73,73,2000,73,1
2011/12/09,75,75,75,75,3000,75,1
2011/12/12,78,78,76,78,17000,78,1
2011/12/13,77,78,77,78,7000,78,1
2011/12/14,78,79,78,79,3000,79,1
2011/12/15,77,77,77,77,1000,77,1
2011/12/16,78,78,77,77,9000,77,1
2011/12/19,74,90,74,83,39000,83,1
2011/12/20,82,83,79,81,63000,81,1
2011/12/21,82,84,82,84,12000,84,1
2011/12/22,84,85,84,85,8000,85,1
2011/12/26,90,90,85,85,4000,85,1
2011/12/27,80,88,80,88,17000,88,1
2011/12/28,83,87,83,87,4000,87,1
2011/12/29,86,86,78,83,23000,83,1
2011/12/30,83,83,81,81,3000,81,1
2012/01/04,83,83,83,83,4000,83,1
2012/01/05,84,84,80,80,9000,80,1
2012/01/06,79,80,78,80,8000,80,1
2012/01/10,80,80,80,80,2000,80,1
2012/01/11,80,80,80,80,22000,80,1
2012/01/12,80,81,80,81,4000,81,1
2012/01/16,81,81,81,81,18000,81,1
2012/01/17,80,82,80,82,4000,82,1
2012/01/18,82,85,80,85,3000,85,1
2012/01/19,85,85,85,85,25000,85,1
2012/01/20,85,86,85,86,12000,86,1
2012/01/23,86,87,86,87,8000,87,1
2012/01/24,86,86,86,86,10000,86,1
2012/01/25,90,90,87,87,20000,87,1
2012/01/26,90,90,89,89,11000,89,1
2012/01/27,90,90,90,90,5000,90,1
2012/01/30,89,89,81,83,142000,83,1
2012/01/31,81,82,81,82,14000,82,1
2012/02/01,80,81,80,81,9000,81,1
2012/02/02,80,81,80,81,14000,81,1
2012/02/03,83,83,81,83,7000,83,1
2012/02/06,83,86,83,85,38000,85,1
2012/02/07,85,85,83,83,8000,83,1
2012/02/08,85,85,85,85,2000,85,1
2012/02/09,84,86,84,86,3000,86,1
2012/02/10,86,86,85,85,9000,85,1
2012/02/13,85,86,85,86,11000,86,1
2012/02/14,87,87,86,86,7000,86,1
2012/02/15,87,88,86,86,38000,86,1
2012/02/16,81,84,81,84,15000,84,1
2012/02/17,83,83,83,83,2000,83,1
2012/02/20,82,82,82,82,1000,82,1
2012/02/21,82,83,82,83,3000,83,1
2012/02/22,82,86,81,85,35000,85,1
2012/02/23,85,95,85,87,196000,87,1
2012/02/24,90,90,85,90,29000,90,1
2012/02/27,90,91,86,91,13000,91,1
2012/02/28,90,90,88,88,28000,88,1
2012/02/29,93,118,93,118,2738000,118,1
2012/03/01,113,113,96,99,746000,99,1
2012/03/02,97,102,93,94,243000,94,1
2012/03/05,94,98,93,97,131000,97,1
2012/03/06,98,98,93,94,47000,94,1
2012/03/07,92,96,91,94,46000,94,1
2012/03/08,96,97,93,95,46000,95,1
2012/03/09,96,96,93,95,32000,95,1
2012/03/12,95,96,93,93,55000,93,1
2012/03/13,92,92,86,87,117000,87,1
2012/03/14,88,91,88,88,101000,88,1
2012/03/15,89,89,86,87,59000,87,1
2012/03/16,87,88,85,88,30000,88,1
2012/03/19,88,88,88,88,1000,88,1
2012/03/21,88,88,86,87,14000,87,1
2012/03/22,87,87,87,87,3000,87,1
2012/03/23,86,86,84,84,21000,84,1
2012/03/26,83,85,83,83,27000,83,1
2012/03/27,84,84,84,84,13000,84,1
2012/03/28,84,85,83,83,20000,83,1
2012/03/29,83,83,83,83,23000,83,1
2012/03/30,84,86,84,84,35000,84,1
2012/04/02,85,85,85,85,5000,85,1
2012/04/03,84,85,83,83,18000,83,1
2012/04/04,83,83,81,82,38000,82,1
2012/04/05,81,81,80,80,30000,80,1
2012/04/06,80,83,80,81,26000,81,1
2012/04/09,81,82,80,80,26000,80,1
2012/04/10,82,83,82,82,10000,82,1
2012/04/11,81,81,81,81,1000,81,1
2012/04/12,82,82,82,82,3000,82,1
2012/04/13,82,82,82,82,2000,82,1
2012/04/16,80,87,80,86,55000,86,1
2012/04/17,85,85,83,83,36000,83,1
2012/04/18,82,84,82,83,15000,83,1
2012/04/19,84,86,83,84,12000,84,1
2012/04/20,85,89,85,85,22000,85,1
2012/04/23,86,86,86,86,4000,86,1
2012/04/24,85,86,85,85,6000,85,1
2012/04/25,84,85,83,83,7000,83,1
2012/04/26,83,86,83,84,10000,84,1
2012/04/27,85,85,85,85,2000,85,1
2012/05/01,86,87,85,85,10000,85,1
2012/05/02,84,84,84,84,7000,84,1
2012/05/07,82,82,80,80,21000,80,1
2012/05/09,79,81,79,80,29000,80,1
2012/05/10,79,80,79,80,12000,80,1
2012/05/11,80,82,79,79,3000,79,1
2012/05/14,78,79,76,76,22000,76,1
2012/05/15,73,75,72,73,32000,73,1
2012/05/16,73,74,68,70,117000,70,1
2012/05/17,70,81,70,76,47000,76,1
2012/05/18,76,76,73,73,4000,73,1
2012/05/22,74,75,74,75,8000,75,1
2012/05/23,76,78,76,78,3000,78,1
2012/05/24,76,78,76,78,2000,78,1
2012/05/25,79,79,75,75,3000,75,1
2012/05/28,72,73,71,71,22000,71,1
2012/05/29,70,71,70,70,11000,70,1
2012/05/30,71,71,71,71,1000,71,1
2012/05/31,70,74,70,74,13000,74,1
2012/06/04,69,70,68,70,18000,70,1
2012/06/05,68,73,68,69,15000,69,1
2012/06/06,74,74,70,71,11000,71,1
2012/06/07,75,75,75,75,1000,75,1
2012/06/08,71,76,71,76,6000,76,1
2012/06/12,72,72,72,72,2000,72,1
2012/06/13,74,74,74,74,4000,74,1
2012/06/14,74,74,74,74,1000,74,1
2012/06/15,75,75,75,75,2000,75,1
2012/06/18,74,79,74,78,18000,78,1
2012/06/19,76,76,75,75,5000,75,1
2012/06/20,77,79,76,77,8000,77,1
2012/06/21,78,78,76,77,11000,77,1
2012/06/22,78,82,78,78,16000,78,1
2012/06/25,79,82,78,78,21000,78,1
2012/06/27,77,77,77,77,10000,77,1
2012/06/28,79,79,77,77,10000,77,1
2012/06/29,79,82,79,81,9000,81,1
2012/07/02,77,80,77,79,33000,79,1
2012/07/03,78,80,78,80,2000,80,1
2012/07/04,80,80,77,78,10000,78,1
2012/07/05,78,78,78,78,4000,78,1
2012/07/09,77,78,77,78,2000,78,1
2012/07/12,78,79,76,79,4000,79,1
2012/07/13,75,75,75,75,5000,75,1
2012/07/17,75,75,75,75,2000,75,1
2012/07/18,76,76,76,76,2000,76,1
2012/07/19,76,76,75,75,8000,75,1
2012/07/23,73,75,72,75,27000,75,1
2012/07/24,75,75,75,75,11000,75,1
2012/07/25,77,77,74,76,3000,76,1
2012/07/26,74,74,74,74,2000,74,1
2012/07/27,77,77,77,77,1000,77,1
2012/07/30,75,76,74,76,3000,76,1
2012/08/01,75,75,75,75,2000,75,1
2012/08/02,75,76,75,76,27000,76,1
2012/08/03,75,75,75,75,14000,75,1
2012/08/08,75,75,75,75,5000,75,1
2012/08/09,75,75,75,75,3000,75,1
2012/08/10,75,75,75,75,2000,75,1
2012/08/13,75,77,75,76,5000,76,1
2012/08/14,76,76,76,76,1000,76,1
2012/08/15,76,79,76,76,12000,76,1
2012/08/16,75,75,73,75,17000,75,1
2012/08/17,75,75,75,75,20000,75,1
2012/08/20,76,76,76,76,2000,76,1
2012/08/21,75,75,75,75,3000,75,1
2012/08/23,75,75,75,75,1000,75,1
2012/08/24,74,74,72,73,11000,73,1
2012/08/27,74,74,74,74,1000,74,1
2012/08/28,75,75,75,75,4000,75,1
2012/08/29,74,74,74,74,1000,74,1
2012/08/30,75,75,70,72,14000,72,1
2012/08/31,72,72,72,72,2000,72,1
2012/09/03,72,72,72,72,4000,72,1
2012/09/04,72,72,72,72,4000,72,1
2012/09/05,71,71,70,71,16000,71,1
2012/09/06,70,71,69,71,11000,71,1
2012/09/07,73,75,73,73,11000,73,1
2012/09/10,73,75,73,75,4000,75,1
2012/09/11,80,86,77,77,32000,77,1
2012/09/12,75,75,72,74,11000,74,1
2012/09/13,72,72,71,72,13000,72,1
2012/09/14,73,74,73,74,3000,74,1
2012/09/18,74,74,73,74,3000,74,1
2012/09/19,75,75,72,74,25000,74,1
2012/09/20,74,74,72,74,20000,74,1
2012/09/21,73,73,73,73,6000,73,1
2012/09/24,70,72,70,71,15000,71,1
2012/09/25,71,71,71,71,4000,71,1
2012/09/26,71,72,71,72,6000,72,1
2012/09/27,70,72,70,71,26000,71,1
2012/09/28,70,70,70,70,2000,70,1
2012/10/01,69,71,69,71,13000,71,1
2012/10/03,70,70,68,68,15000,68,1
2012/10/04,68,70,67,70,14000,70,1
2012/10/05,70,73,68,73,28000,73,1
2012/10/09,71,72,70,72,8000,72,1
2012/10/10,70,70,69,69,6000,69,1
2012/10/11,71,71,68,71,6000,71,1
2012/10/15,70,70,68,68,9000,68,1
2012/10/16,70,70,70,70,6000,70,1
2012/10/17,71,71,70,70,5000,70,1
2012/10/18,68,70,68,70,8000,70,1
2012/10/19,69,70,69,70,2000,70,1
2012/10/22,70,70,70,70,10000,70,1
2012/10/23,70,70,70,70,17000,70,1
2012/10/24,69,71,69,71,5000,71,1
2012/10/25,72,72,72,72,1000,72,1
2012/10/26,70,71,70,70,7000,70,1
2012/10/30,69,70,69,70,2000,70,1
2012/10/31,70,70,70,70,2000,70,1
2012/11/01,70,71,70,71,12000,71,1
2012/11/02,70,71,68,69,36000,69,1
2012/11/05,71,71,71,71,4000,71,1
2012/11/06,71,72,70,70,9000,70,1
2012/11/07,70,73,70,73,8000,73,1
2012/11/09,71,72,70,71,8000,71,1
2012/11/12,69,71,69,70,9000,70,1
2012/11/13,70,70,70,70,2000,70,1
2012/11/14,70,70,70,70,2000,70,1
2012/11/15,72,72,72,72,2000,72,1
2012/11/16,71,72,71,72,2000,72,1
2012/11/19,73,73,68,70,26000,70,1
2012/11/20,70,70,70,70,4000,70,1
2012/11/21,71,71,71,71,1000,71,1
2012/11/22,72,73,72,73,14000,73,1
2012/11/26,73,77,73,76,41000,76,1
2012/11/27,76,77,76,77,13000,77,1
2012/11/28,76,76,76,76,2000,76,1
2012/11/29,73,74,70,74,47000,74,1
2012/11/30,74,75,73,75,17000,75,1
2012/12/03,76,76,76,76,2000,76,1
2012/12/04,74,74,74,74,2000,74,1
2012/12/05,76,76,76,76,2000,76,1
2012/12/06,74,75,74,75,4000,75,1
2012/12/07,75,75,73,74,11000,74,1
2012/12/10,74,74,74,74,5000,74,1
2012/12/11,73,73,72,73,3000,73,1
2012/12/12,74,74,72,73,15000,73,1
2012/12/13,74,74,73,74,3000,74,1
2012/12/14,73,74,73,74,5000,74,1
2012/12/17,74,75,73,75,9000,75,1
2012/12/18,73,77,73,75,14000,75,1
2012/12/19,76,78,76,77,9000,77,1
2012/12/20,75,76,73,76,40000,76,1
2012/12/21,75,75,74,75,39000,75,1
2012/12/25,74,75,74,74,23000,74,1
2012/12/26,75,75,74,75,13000,75,1
2012/12/27,76,77,75,77,20000,77,1
2012/12/28,78,79,75,79,39000,79,1
2013/01/04,80,82,79,80,41000,80,1
2013/01/07,79,83,79,83,27000,83,1
2013/01/08,81,81,80,80,21000,80,1
2013/01/09,79,80,79,80,3000,80,1
2013/01/10,81,81,81,81,4000,81,1
2013/01/11,82,84,81,81,26000,81,1
2013/01/15,81,81,79,81,21000,81,1
2013/01/16,80,80,78,79,19000,79,1
2013/01/17,79,80,79,79,29000,79,1
2013/01/18,79,80,79,80,11000,80,1
2013/01/21,80,80,80,80,8000,80,1
2013/01/22,80,80,80,80,10000,80,1
2013/01/23,80,80,77,79,35000,79,1
2013/01/24,78,78,77,78,24000,78,1
2013/01/25,78,79,78,79,20000,79,1
2013/01/28,80,80,80,80,12000,80,1
2013/01/29,80,82,80,81,26000,81,1
2013/01/30,82,84,81,84,16000,84,1
2013/01/31,84,84,83,83,22000,83,1
2013/02/01,83,83,83,83,16000,83,1
2013/02/04,85,85,83,85,19000,85,1
2013/02/05,84,84,83,84,11000,84,1
2013/02/06,84,85,84,85,8000,85,1
2013/02/07,85,85,83,85,17000,85,1
2013/02/08,85,85,84,84,5000,84,1
2013/02/12,85,88,85,87,53000,87,1
2013/02/13,87,87,83,84,59000,84,1
2013/02/14,85,85,75,79,116000,79,1
2013/02/15,80,80,77,78,34000,78,1
2013/02/18,75,77,73,76,68000,76,1
2013/02/19,75,77,75,76,10000,76,1
2013/02/20,78,78,77,77,6000,77,1
2013/02/21,77,77,77,77,1000,77,1
2013/02/22,78,78,78,78,5000,78,1
2013/02/25,78,81,78,80,16000,80,1
2013/02/26,80,80,80,80,13000,80,1
2013/02/27,81,82,81,82,16000,82,1
2013/02/28,81,81,77,80,56000,80,1
2013/03/01,80,81,79,80,7000,80,1
2013/03/04,82,82,80,80,13000,80,1
2013/03/05,80,80,80,80,4000,80,1
2013/03/06,81,81,80,80,3000,80,1
2013/03/07,80,80,80,80,6000,80,1
2013/03/08,81,81,81,81,4000,81,1
2013/03/11,82,83,82,83,12000,83,1
2013/03/12,82,83,81,82,32000,82,1
2013/03/13,83,83,81,81,6000,81,1
2013/03/14,82,82,82,82,8000,82,1
2013/03/15,83,83,82,82,8000,82,1
2013/03/18,81,87,80,86,136000,86,1
2013/03/19,86,86,82,85,18000,85,1
2013/03/21,85,92,85,92,83000,92,1
2013/03/22,90,103,88,100,148000,100,1
2013/03/25,100,108,98,103,83000,103,1
2013/03/26,104,104,89,92,168000,92,1
2013/03/27,90,92,90,90,68000,90,1
2013/03/28,92,92,88,89,70000,89,1
2013/03/29,89,89,86,87,78000,87,1
2013/04/01,87,87,83,84,82000,84,1
2013/04/02,83,85,83,85,11000,85,1
2013/04/03,86,87,85,87,21000,87,1
2013/04/04,87,88,87,88,7000,88,1
2013/04/05,89,93,89,92,84000,92,1
2013/04/08,91,91,87,90,149000,90,1
2013/04/09,89,89,88,89,43000,89,1
2013/04/10,88,90,87,90,28000,90,1
2013/04/11,91,93,91,92,39000,92,1
2013/04/12,92,92,91,92,18000,92,1
2013/04/15,92,93,92,93,40000,93,1
2013/04/16,94,101,93,101,135000,101,1
2013/04/17,101,106,100,105,126000,105,1
2013/04/18,104,105,101,105,37000,105,1
2013/04/19,102,105,102,104,9000,104,1
2013/04/22,104,106,104,104,53000,104,1
2013/04/23,104,106,104,104,54000,104,1
2013/04/24,105,107,105,107,35000,107,1
2013/04/25,107,107,104,105,53000,105,1
2013/04/26,106,108,105,108,22000,108,1
2013/04/30,112,124,112,116,265000,116,1
2013/05/01,115,120,115,119,52000,119,1
2013/05/02,120,120,116,116,36000,116,1
2013/05/07,118,123,116,122,53000,122,1
2013/05/08,121,122,119,121,62000,121,1
2013/05/09,122,124,121,123,55000,123,1
2013/05/10,123,123,116,117,81000,117,1
2013/05/13,116,116,114,116,22000,116,1
2013/05/14,115,119,113,113,22000,113,1
2013/05/15,114,114,110,110,82000,110,1
2013/05/16,110,110,100,105,72000,105,1
2013/05/17,103,110,103,110,16000,110,1
2013/05/20,110,119,110,119,52000,119,1
2013/05/21,115,120,115,119,16000,119,1
2013/05/22,118,118,116,116,26000,116,1
2013/05/23,116,116,110,110,105000,110,1
2013/05/24,108,113,108,108,24000,108,1
2013/05/27,104,106,103,106,19000,106,1
2013/05/28,103,104,102,103,29000,103,1
2013/05/29,103,106,101,106,32000,106,1
2013/05/30,103,103,102,102,19000,102,1
2013/05/31,103,104,103,104,13000,104,1
2013/06/03,100,102,98,101,40000,101,1
2013/06/04,100,101,99,101,17000,101,1
2013/06/05,100,101,100,100,16000,100,1
2013/06/06,97,97,95,95,23000,95,1
2013/06/07,90,93,89,93,32000,93,1
2013/06/10,93,98,93,97,8000,97,1
2013/06/11,98,102,92,94,29000,94,1
2013/06/12,93,95,93,95,3000,95,1
2013/06/13,93,93,92,92,7000,92,1
2013/06/14,97,97,95,95,3000,95,1
2013/06/17,92,94,92,94,11000,94,1
2013/06/18,93,94,93,94,7000,94,1
2013/06/19,94,94,94,94,3000,94,1
2013/06/20,92,92,92,92,2000,92,1
2013/06/21,92,94,92,94,6000,94,1
2013/06/24,94,94,94,94,1000,94,1
2013/06/25,94,94,92,92,11000,92,1
2013/06/26,93,101,93,93,23000,93,1
2013/06/27,93,93,93,93,3000,93,1
2013/06/28,95,106,95,106,16000,106,1
2013/07/01,98,102,97,102,67000,102,1
2013/07/02,104,104,100,101,33000,101,1
2013/07/03,102,103,101,101,5000,101,1
2013/07/04,102,105,102,102,18000,102,1
2013/07/05,102,103,101,101,17000,101,1
2013/07/08,104,104,101,101,21000,101,1
2013/07/09,101,103,100,103,15000,103,1
2013/07/10,103,103,102,102,11000,102,1
2013/07/11,103,103,103,103,5000,103,1
2013/07/12,104,104,104,104,5000,104,1
2013/07/16,103,103,102,102,3000,102,1
2013/07/17,102,102,98,100,32000,100,1
2013/07/18,100,102,100,102,13000,102,1
2013/07/19,101,101,101,101,5000,101,1
2013/07/22,104,104,104,104,5000,104,1
2013/07/24,103,103,103,103,1000,103,1
2013/07/25,100,101,100,101,6000,101,1
2013/07/26,100,100,99,99,4000,99,1
2013/07/29,97,100,97,100,7000,100,1
2013/07/30,97,97,95,97,17000,97,1
2013/07/31,96,96,94,96,14000,96,1
2013/08/01,97,98,94,94,8000,94,1
2013/08/02,95,98,95,98,8000,98,1
2013/08/05,99,99,99,99,2000,99,1
2013/08/07,99,99,99,99,2000,99,1
2013/08/09,99,99,97,97,6000,97,1
2013/08/12,97,97,96,96,8000,96,1
2013/08/13,96,96,96,96,2000,96,1
2013/08/14,97,97,97,97,3000,97,1
2013/08/15,98,100,98,100,3000,100,1
2013/08/16,96,97,96,97,2000,97,1
2013/08/19,99,99,99,99,2000,99,1
2013/08/20,96,96,95,95,25000,95,1
2013/08/22,95,95,95,95,7000,95,1
2013/08/26,93,93,93,93,4000,93,1
2013/08/27,95,96,93,96,10000,96,1
2013/08/28,97,97,97,97,3000,97,1
2013/08/29,97,104,97,101,43000,101,1
2013/08/30,103,104,100,100,32000,100,1
2013/09/02,102,103,98,102,23000,102,1
2013/09/03,100,104,100,104,9000,104,1
2013/09/04,104,105,102,102,23000,102,1
2013/09/05,105,106,105,105,25000,105,1
2013/09/06,104,104,101,102,32000,102,1
2013/09/09,103,103,99,101,29000,101,1
2013/09/10,101,104,101,104,15000,104,1
2013/09/11,104,104,104,104,5000,104,1
2013/09/12,104,115,104,113,114000,113,1
2013/09/13,112,112,106,111,126000,111,1
2013/09/17,110,113,107,111,52000,111,1
2013/09/18,111,113,108,111,74000,111,1
2013/09/19,112,112,107,107,46000,107,1
2013/09/20,107,108,106,108,13000,108,1
2013/09/24,108,108,104,106,36000,106,1
2013/09/25,106,107,105,106,6000,106,1
2013/09/26,103,104,103,104,10000,104,1
2013/09/27,107,109,107,108,11000,108,1
2013/09/30,108,124,106,106,259000,106,1
2013/10/01,111,111,106,108,57000,108,1
2013/10/02,108,108,106,106,13000,106,1
2013/10/03,106,106,104,104,19000,104,1
2013/10/04,104,104,104,104,13000,104,1
2013/10/07,104,104,103,104,12000,104,1
2013/10/08,101,102,101,102,4000,102,1
2013/10/09,103,104,102,102,4000,102,1
2013/10/10,104,104,104,104,1000,104,1
2013/10/11,105,105,105,105,4000,105,1
2013/10/15,103,103,102,102,14000,102,1
2013/10/16,102,102,102,102,7000,102,1
2013/10/17,103,105,103,104,11000,104,1
2013/10/18,105,105,105,105,2000,105,1
2013/10/21,105,107,105,106,38000,106,1
2013/10/22,107,107,107,107,3000,107,1
2013/10/23,108,110,108,109,16000,109,1
2013/10/24,108,108,106,106,11000,106,1
2013/10/25,106,108,106,107,11000,107,1
2013/10/28,108,108,108,108,4000,108,1
2013/10/29,109,109,107,107,6000,107,1
2013/10/30,109,109,107,107,16000,107,1
2013/10/31,107,107,105,106,26000,106,1
2013/11/01,104,106,104,106,30000,106,1
2013/11/05,105,105,102,103,16000,103,1
2013/11/06,103,106,103,106,11000,106,1
2013/11/07,106,107,105,105,7000,105,1
2013/11/08,104,104,104,104,10000,104,1
2013/11/11,104,104,104,104,5000,104,1
2013/11/12,104,104,104,104,1000,104,1
2013/11/13,104,104,104,104,3000,104,1
2013/11/14,105,105,104,104,12000,104,1
2013/11/15,105,108,105,106,10000,106,1
2013/11/18,108,108,106,106,18000,106,1
2013/11/19,106,107,106,106,10000,106,1
2013/11/20,106,110,106,107,23000,107,1
2013/11/21,110,155,110,142,3404000,142,1
2013/11/22,143,157,126,129,1139000,129,1
2013/11/25,125,127,120,121,170000,121,1
2013/11/26,125,150,125,137,1032000,137,1
2013/11/27,137,146,132,137,435000,137,1
2013/11/28,151,164,138,138,1762000,138,1
2013/11/29,138,139,130,136,212000,136,1
2013/12/02,141,143,125,129,208000,129,1
2013/12/03,131,136,129,131,165000,131,1
2013/12/04,131,134,130,131,34000,131,1
2013/12/05,131,131,125,126,135000,126,1
2013/12/06,126,126,120,123,168000,123,1
2013/12/09,127,128,123,126,47000,126,1
2013/12/10,125,132,124,132,94000,132,1
2013/12/11,134,135,129,135,75000,135,1
2013/12/12,136,136,127,129,108000,129,1
2013/12/13,129,132,128,132,63000,132,1
2013/12/16,129,129,123,123,52000,123,1
2013/12/17,123,124,120,123,27000,123,1
2013/12/18,122,125,122,125,103000,125,1
2013/12/19,133,134,123,124,189000,124,1
2013/12/20,124,127,124,125,39000,125,1
2013/12/24,126,127,122,122,73000,122,1
2013/12/25,121,128,121,126,185000,126,1
2013/12/26,124,132,124,131,45000,131,1
2013/12/27,130,132,130,132,34000,132,1
2013/12/30,123,126,121,125,251000,125,1
2014/01/06,125,126,124,125,25000,125,1
2014/01/07,124,126,124,125,25000,125,1
2014/01/08,125,127,125,127,46000,127,1
2014/01/09,127,129,127,129,28000,129,1
2014/01/10,129,134,129,134,53000,134,1
2014/01/14,131,132,131,131,19000,131,1
2014/01/15,133,135,130,131,25000,131,1
2014/01/16,133,133,131,132,30000,132,1
2014/01/17,131,131,130,131,26000,131,1
2014/01/20,131,135,127,135,134000,135,1
2014/01/21,137,155,137,144,472000,144,1
2014/01/22,141,145,139,143,92000,143,1
2014/01/23,144,144,139,139,13000,139,1
2014/01/24,135,136,134,134,28000,134,1
2014/01/27,130,130,127,129,42000,129,1
2014/01/28,127,133,127,133,17000,133,1
2014/01/29,137,139,133,137,39000,137,1
2014/01/30,134,134,131,132,36000,132,1
2014/01/31,135,140,131,133,62000,133,1
2014/02/03,129,131,128,129,29000,129,1
2014/02/04,122,123,116,122,61000,122,1
2014/02/05,123,127,123,125,17000,125,1
2014/02/06,129,131,129,130,5000,130,1
2014/02/07,132,134,132,134,7000,134,1
2014/02/10,134,141,134,137,40000,137,1
2014/02/12,137,139,137,137,13000,137,1
2014/02/13,137,139,133,133,51000,133,1
2014/02/14,135,135,131,133,36000,133,1
2014/02/17,130,133,130,132,19000,132,1
2014/02/18,131,131,125,130,44000,130,1
2014/02/19,130,131,130,131,5000,131,1
2014/02/20,127,128,125,127,23000,127,1
2014/02/21,127,127,125,127,10000,127,1
2014/02/24,127,127,127,127,6000,127,1
2014/02/25,129,132,129,131,14000,131,1
2014/02/26,134,134,132,132,8000,132,1
2014/02/27,132,133,130,133,13000,133,1
2014/02/28,132,132,129,129,10000,129,1
2014/03/03,129,130,129,130,6000,130,1
2014/03/04,126,130,126,127,17000,127,1
2014/03/05,130,130,129,129,6000,129,1
2014/03/06,130,130,129,129,4000,129,1
2014/03/07,129,129,128,128,8000,128,1
2014/03/11,130,130,130,130,8000,130,1
2014/03/12,126,128,126,127,18000,127,1
2014/03/14,125,126,122,125,14000,125,1
2014/03/17,124,125,124,125,6000,125,1
2014/03/18,125,125,123,123,3000,123,1
2014/03/19,124,124,124,124,1000,124,1
2014/03/20,124,124,119,119,24000,119,1
2014/03/24,119,119,114,115,17000,115,1
2014/03/25,120,120,114,116,14000,116,1
2014/03/26,117,117,116,116,5000,116,1
2014/03/27,116,118,116,118,5000,118,1
2014/03/31,124,128,124,128,10000,128,1
2014/04/01,129,139,123,129,85000,129,1
2014/04/02,130,135,124,135,43000,135,1
2014/04/03,130,130,130,130,5000,130,1
2014/04/07,132,132,132,132,5000,132,1
2014/04/08,126,127,126,127,14000,127,1
2014/04/09,125,125,123,123,9000,123,1
2014/04/10,124,124,123,123,8000,123,1
2014/04/11,122,122,119,121,19000,121,1
2014/04/14,121,121,121,121,1000,121,1
2014/04/17,121,121,119,119,12000,119,1
2014/04/18,119,123,119,123,9000,123,1
2014/04/21,121,121,121,121,4000,121,1
2014/04/22,122,123,121,121,22000,121,1
2014/04/24,119,119,118,119,11000,119,1
2014/04/25,121,121,119,121,4000,121,1
2014/04/28,121,121,114,116,63000,116,1
2014/04/30,117,117,115,116,15000,116,1
2014/05/01,117,118,117,118,10000,118,1
2014/05/02,119,121,118,121,10000,121,1
2014/05/07,118,121,117,121,5000,121,1
2014/05/08,121,126,121,121,6000,121,1
2014/05/09,121,121,118,118,4000,118,1
2014/05/12,118,118,118,118,1000,118,1
2014/05/13,118,118,118,118,3000,118,1
2014/05/14,119,119,118,118,7000,118,1
2014/05/15,117,117,117,117,4000,117,1
2014/05/16,116,118,115,116,20000,116,1
2014/05/19,116,117,114,114,5000,114,1
2014/05/20,114,114,114,114,1000,114,1
2014/05/21,114,114,111,111,19000,111,1
2014/05/22,113,114,112,114,6000,114,1
2014/05/23,113,115,113,114,15000,114,1
2014/05/26,116,116,115,116,4000,116,1
2014/05/27,116,117,116,117,5000,117,1
2014/05/28,117,117,116,116,10000,116,1
2014/05/29,116,117,116,117,4000,117,1
2014/05/30,117,117,117,117,1000,117,1
2014/06/02,120,122,115,122,22000,122,1
2014/06/03,122,122,122,122,5000,122,1
2014/06/04,122,122,121,122,7000,122,1
2014/06/05,122,122,122,122,2000,122,1
2014/06/09,123,123,120,122,5000,122,1
2014/06/10,122,122,122,122,1000,122,1
2014/06/11,117,119,117,118,7000,118,1
2014/06/12,119,120,119,120,2000,120,1
2014/06/13,122,122,122,122,3000,122,1
2014/06/16,124,125,122,122,6000,122,1
2014/06/17,122,122,122,122,2000,122,1
2014/06/18,124,124,124,124,1000,124,1
2014/06/19,122,122,122,122,1000,122,1
2014/06/20,124,126,124,126,7000,126,1
2014/06/23,126,126,125,126,14000,126,1
2014/06/24,126,126,124,126,7000,126,1
2014/06/25,127,127,122,126,33000,126,1
2014/06/26,125,126,125,126,7000,126,1
2014/06/27,123,124,120,120,33000,120,1
2014/06/30,122,122,122,122,4000,122,1
2014/07/01,124,125,123,124,9000,124,1
2014/07/02,125,127,125,127,19000,127,1
2014/07/03,126,126,125,125,6000,125,1
2014/07/04,126,136,125,126,161000,126,1
2014/07/07,126,131,126,131,33000,131,1
2014/07/08,131,135,131,131,57000,131,1
2014/07/09,132,132,128,129,17000,129,1
2014/07/10,132,132,127,131,36000,131,1
2014/07/11,129,133,128,128,13000,128,1
2014/07/14,126,132,126,128,22000,128,1
2014/07/15,129,129,128,128,3000,128,1
2014/07/16,128,129,128,129,8000,129,1
2014/07/17,129,129,127,128,5000,128,1
2014/07/18,126,127,125,125,10000,125,1
2014/07/22,126,130,126,130,8000,130,1
2014/07/23,129,133,129,130,21000,130,1
2014/07/24,130,180,129,180,2846000,180,1
2014/07/25,160,161,149,149,2198000,149,1
2014/07/28,154,154,145,146,267000,146,1
2014/07/29,148,154,147,154,256000,154,1
2014/07/30,151,155,146,146,207000,146,1
2014/07/31,147,153,147,147,31000,147,1
2014/08/01,144,146,142,142,68000,142,1
2014/08/04,141,149,141,143,44000,143,1
2014/08/05,146,146,141,143,25000,143,1
2014/08/06,141,145,140,141,84000,141,1
2014/08/07,142,142,141,141,7000,141,1
2014/08/08,142,143,135,135,47000,135,1
2014/08/11,138,140,138,138,13000,138,1
2014/08/12,140,142,139,140,10000,140,1
2014/08/13,143,146,140,140,77000,140,1
2014/08/14,140,143,140,142,19000,142,1
2014/08/15,143,148,140,147,116000,147,1
2014/08/18,145,150,141,147,94000,147,1
2014/08/19,147,148,140,142,109000,142,1
2014/08/20,140,140,136,138,53000,138,1
2014/08/21,138,145,138,144,84000,144,1
2014/08/22,144,150,142,145,172000,145,1
2014/08/25,147,155,145,155,290000,155,1
2014/08/26,155,156,149,150,264000,150,1
2014/08/27,152,168,151,161,601000,161,1
2014/08/28,158,160,150,152,161000,152,1
2014/08/29,152,157,149,149,85000,149,1
2014/09/01,150,155,150,151,104000,151,1
2014/09/02,152,154,151,152,37000,152,1
2014/09/03,152,152,147,150,36000,150,1
2014/09/04,150,150,146,148,37000,148,1
2014/09/05,150,155,146,155,134000,155,1
2014/09/08,157,160,156,158,125000,158,1
2014/09/09,163,164,159,159,106000,159,1
2014/09/10,159,159,155,155,35000,155,1
2014/09/11,155,155,150,151,31000,151,1
2014/09/12,151,151,150,151,7000,151,1
2014/09/16,152,155,151,155,23000,155,1
2014/09/17,155,156,150,151,59000,151,1
2014/09/18,151,168,149,163,334000,163,1
2014/09/19,160,160,158,158,82000,158,1
2014/09/22,159,159,153,154,35000,154,1
2014/09/24,153,154,152,154,14000,154,1
2014/09/25,155,160,155,158,27000,158,1
2014/09/26,156,158,155,156,37000,156,1
2014/09/29,160,160,157,159,38000,159,1
2014/09/30,159,159,154,155,35000,155,1
2014/10/01,156,157,154,154,38000,154,1
2014/10/02,151,157,149,157,43000,157,1
2014/10/03,157,161,153,159,80000,159,1
2014/10/06,150,154,148,151,144000,151,1
2014/10/07,150,151,148,150,44000,150,1
2014/10/08,147,149,145,149,25000,149,1
2014/10/09,149,153,148,150,87000,150,1
2014/10/10,147,151,145,150,89000,150,1
2014/10/14,142,149,136,144,52000,144,1
2014/10/15,140,143,140,142,25000,142,1
2014/10/16,140,142,136,140,37000,140,1
2014/10/17,140,141,139,141,6000,141,1
2014/10/20,142,142,141,141,4000,141,1
2014/10/21,142,143,142,142,15000,142,1
2014/10/22,140,141,140,141,41000,141,1
2014/10/23,143,147,142,146,31000,146,1
2014/10/24,146,147,144,147,16000,147,1
2014/10/27,147,147,144,145,10000,145,1
2014/10/28,144,148,142,142,29000,142,1
2014/10/29,143,145,143,145,10000,145,1
2014/10/30,145,145,144,145,5000,145,1
2014/10/31,146,146,144,145,9000,145,1
2014/11/04,144,147,142,146,81000,146,1
2014/11/05,148,154,147,152,97000,152,1
2014/11/06,154,154,149,150,25000,150,1
2014/11/07,148,148,144,147,57000,147,1
2014/11/10,146,146,146,146,1000,146,1
2014/11/11,145,148,145,148,31000,148,1
2014/11/12,146,147,146,147,4000,147,1
2014/11/13,147,147,147,147,4000,147,1
2014/11/14,148,148,147,147,10000,147,1
2014/11/17,146,146,144,144,10000,144,1
2014/11/18,145,145,143,144,6000,144,1
2014/11/19,145,145,143,145,26000,145,1
2014/11/20,146,158,146,158,93000,158,1
2014/11/21,158,161,154,157,130000,157,1
2014/11/25,155,158,154,155,69000,155,1
2014/11/26,154,155,147,154,40000,154,1
2014/11/27,155,156,152,155,14000,155,1
2014/11/28,153,155,153,155,8000,155,1
2014/12/01,155,155,154,154,5000,154,1
2014/12/02,154,154,154,154,2000,154,1
2014/12/03,154,154,153,153,9000,153,1
2014/12/04,153,153,150,151,21000,151,1
2014/12/05,152,153,149,151,71000,151,1
2014/12/08,150,152,150,150,85000,150,1
2014/12/09,150,150,150,150,19000,150,1
2014/12/10,150,150,148,148,21000,148,1
2014/12/11,148,148,146,148,61000,148,1
2014/12/12,147,147,145,145,22000,145,1
2014/12/15,148,148,148,148,5000,148,1
2014/12/16,145,147,143,143,8000,143,1
2014/12/17,145,146,145,146,8000,146,1
2014/12/18,148,148,145,145,2000,145,1
2014/12/19,146,148,146,148,6000,148,1
2014/12/22,146,146,143,144,13000,144,1
2014/12/24,146,146,143,143,21000,143,1
2014/12/25,142,146,140,140,59000,140,1
2014/12/26,142,144,142,144,5000,144,1
2014/12/29,144,144,141,143,23000,143,1
2014/12/30,144,146,144,146,8000,146,1
2015/01/05,140,140,131,137,240000,137,1
2015/01/06,134,136,130,133,97000,133,1
2015/01/07,132,133,131,133,18000,133,1
2015/01/08,132,134,132,134,23000,134,1
2015/01/09,134,135,134,134,14000,134,1
2015/01/13,134,134,130,133,14000,133,1
2015/01/14,133,138,133,138,20000,138,1
2015/01/15,138,140,138,139,22000,139,1
2015/01/16,139,139,137,137,15000,137,1
2015/01/19,137,142,137,140,86000,140,1
2015/01/20,140,142,139,142,29000,142,1
2015/01/21,140,144,139,144,35000,144,1
2015/01/22,144,144,140,142,12000,142,1
2015/01/23,140,140,138,139,26000,139,1
2015/01/26,139,139,136,136,13000,136,1
2015/01/27,136,136,133,135,21000,135,1
2015/01/28,134,135,133,135,8000,135,1
2015/01/29,133,135,133,134,16000,134,1
2015/01/30,134,135,134,135,7000,135,1
2015/02/02,133,135,133,135,11000,135,1
2015/02/03,134,135,132,132,34000,132,1
2015/02/04,132,132,132,132,13000,132,1
2015/02/05,134,134,131,131,23000,131,1
2015/02/06,132,134,130,131,64000,131,1
2015/02/09,132,133,130,131,21000,131,1
2015/02/10,131,134,131,132,22000,132,1
2015/02/12,133,134,131,131,30000,131,1
2015/02/13,131,133,130,131,23000,131,1
2015/02/16,131,132,131,132,16000,132,1
2015/02/17,134,136,133,133,46000,133,1
2015/02/18,132,134,131,133,46000,133,1
2015/02/19,133,177,133,144,3900000,144,1
2015/02/20,139,149,136,138,765000,138,1
2015/02/23,139,139,136,138,112000,138,1
2015/02/24,139,160,139,142,1154000,142,1
2015/02/25,143,146,140,142,223000,142,1
2015/02/26,141,143,141,143,39000,143,1
2015/02/27,143,144,140,144,69000,144,1
2015/03/02,142,142,140,142,47000,142,1
2015/03/03,141,145,140,145,70000,145,1
2015/03/04,141,142,140,142,35000,142,1
2015/03/05,142,145,142,142,38000,142,1
2015/03/06,142,145,141,141,67000,141,1
2015/03/09,140,142,140,140,17000,140,1
2015/03/10,141,142,137,138,131000,138,1
2015/03/11,137,151,137,146,240000,146,1
2015/03/12,148,148,145,145,79000,145,1
2015/03/13,146,148,145,145,38000,145,1
2015/03/16,146,147,142,147,96000,147,1
2015/03/17,149,152,146,147,234000,147,1
2015/03/18,146,148,145,148,43000,148,1
2015/03/19,148,150,147,147,69000,147,1
2015/03/20,147,148,146,146,18000,146,1
2015/03/23,150,164,148,149,644000,149,1
2015/03/24,149,149,147,149,61000,149,1
2015/03/25,149,150,147,148,80000,148,1
2015/03/26,146,146,143,145,40000,145,1
2015/03/27,145,145,142,142,40000,142,1
2015/03/30,142,157,139,146,322000,146,1
2015/03/31,147,147,145,147,26000,147,1
2015/04/01,148,148,145,147,49000,147,1
2015/04/02,146,148,144,147,40000,147,1
2015/04/03,148,159,146,148,462000,148,1
2015/04/06,144,149,142,147,153000,147,1
2015/04/07,147,149,145,149,56000,149,1
2015/04/08,150,150,148,148,23000,148,1
2015/04/09,149,150,148,149,38000,149,1
2015/04/10,150,156,149,150,149000,150,1
2015/04/13,150,153,150,150,35000,150,1
2015/04/14,151,154,151,151,33000,151,1
2015/04/15,151,151,148,148,36000,148,1
2015/04/16,148,152,148,150,27000,150,1
2015/04/17,150,150,148,149,13000,149,1
2015/04/20,148,149,147,148,41000,148,1
2015/04/21,148,150,147,149,14000,149,1
2015/04/22,148,149,148,149,37000,149,1
2015/04/23,149,151,148,149,38000,149,1
2015/04/24,150,153,150,153,50000,153,1
2015/04/27,153,154,151,151,31000,151,1
2015/04/28,151,151,147,148,44000,148,1
2015/04/30,147,148,146,148,38000,148,1
2015/05/01,148,148,146,147,21000,147,1
2015/05/07,144,150,144,148,36000,148,1
2015/05/11,148,151,148,151,11000,151,1
2015/05/12,151,151,145,148,43000,148,1
2015/05/13,147,149,144,146,31000,146,1
2015/05/14,146,147,141,144,69000,144,1
2015/05/15,145,147,145,147,11000,147,1
2015/05/18,145,147,144,145,25000,145,1
2015/05/19,145,146,143,146,25000,146,1
2015/05/20,145,149,144,145,76000,145,1
2015/05/21,146,146,143,144,33000,144,1
2015/05/22,144,147,144,147,8000,147,1
2015/05/25,146,149,145,147,51000,147,1
2015/05/26,147,151,147,149,50000,149,1
2015/05/27,149,155,148,153,81000,153,1
2015/05/28,153,154,151,152,47000,152,1
2015/05/29,153,167,152,159,993000,159,1
2015/06/01,158,161,155,159,117000,159,1
2015/06/02,158,159,155,159,57000,159,1
2015/06/03,157,159,156,157,19000,157,1
2015/06/04,156,157,155,157,34000,157,1
2015/06/05,157,158,156,157,13000,157,1
2015/06/08,157,160,156,159,165000,159,1
2015/06/09,159,160,151,153,139000,153,1
2015/06/10,153,157,153,153,26000,153,1
2015/06/11,154,155,154,155,5000,155,1
2015/06/12,155,158,150,152,149000,152,1
2015/06/15,153,167,153,166,520000,166,1
2015/06/16,170,216,170,216,4044000,216,1
2015/06/17,272,285,226,230,5763000,230,1
2015/06/18,213,218,200,208,1441000,208,1
2015/06/19,200,204,188,198,921000,198,1
2015/06/22,206,248,196,230,6533000,230,1
2015/06/23,222,239,204,211,1547000,211,1
2015/06/24,205,213,204,208,261000,208,1
2015/06/25,208,234,206,227,1372000,227,1
2015/06/26,219,229,212,214,264000,214,1
2015/06/29,206,213,196,199,216000,199,1
2015/06/30,204,238,204,224,1598000,224,1
2015/07/01,232,233,219,231,309000,231,1
2015/07/02,230,238,216,218,410000,218,1
2015/07/03,216,256,213,240,1057000,240,1
2015/07/06,218,226,216,219,565000,219,1
2015/07/07,224,272,222,243,2608000,243,1
2015/07/08,256,278,237,248,2143000,248,1
2015/07/09,229,254,206,253,580000,253,1
2015/07/10,251,251,223,229,387000,229,1
2015/07/13,237,237,219,227,385000,227,1
2015/07/14,230,240,220,224,382000,224,1
2015/07/15,225,239,224,236,298000,236,1
2015/07/16,236,265,232,260,1612000,260,1
2015/07/17,252,266,250,255,609000,255,1
2015/07/21,252,257,248,253,234000,253,1
2015/07/22,253,259,234,235,654000,235,1
2015/07/23,238,273,238,273,1908000,273,1
2015/07/24,265,280,259,260,1081000,260,1
2015/07/27,258,261,245,249,295000,249,1
2015/07/28,246,252,240,246,197000,246,1
2015/07/29,246,256,240,256,300000,256,1
2015/07/30,253,255,247,250,117000,250,1
2015/07/31,250,250,242,244,122000,244,1
2015/08/03,247,247,231,232,275000,232,1
2015/08/04,232,238,222,230,141000,230,1
2015/08/05,229,231,225,225,88000,225,1
2015/08/06,224,228,221,222,71000,222,1
2015/08/07,222,222,220,220,62000,220,1
2015/08/10,218,219,201,204,301000,204,1
2015/08/11,207,209,202,205,65000,205,1
2015/08/12,205,205,180,185,303000,185,1
2015/08/13,189,189,182,184,103000,184,1
2015/08/14,194,204,187,188,388000,188,1
2015/08/17,187,195,185,190,160000,190,1
2015/08/18,195,195,186,188,89000,188,1
2015/08/19,184,185,182,184,115000,184,1
2015/08/20,180,180,175,179,105000,179,1
2015/08/21,175,175,167,167,123000,167,1
2015/08/24,160,161,140,142,212000,142,1
2015/08/25,140,153,131,139,265000,139,1
2015/08/26,149,153,142,152,149000,152,1
2015/08/27,150,160,150,153,127000,153,1
2015/08/28,154,163,154,156,131000,156,1
2015/08/31,154,155,152,152,62000,152,1
2015/09/01,151,151,140,142,84000,142,1
2015/09/02,136,144,136,140,45000,140,1
2015/09/03,144,146,141,141,23000,141,1
2015/09/04,144,144,132,132,68000,132,1
2015/09/07,129,131,116,129,149000,129,1
2015/09/08,125,130,125,128,40000,128,1
2015/09/09,133,138,131,138,109000,138,1
2015/09/10,133,136,133,133,24000,133,1
2015/09/11,133,136,133,136,27000,136,1
2015/09/14,136,137,130,132,42000,132,1
2015/09/15,131,134,131,133,25000,133,1
2015/09/16,133,136,132,134,24000,134,1
2015/09/17,136,178,136,162,1184000,162,1
2015/09/18,152,158,146,152,375000,152,1
2015/09/24,149,151,144,149,79000,149,1
2015/09/25,147,149,143,144,49000,144,1
2015/09/28,147,151,145,150,126000,150,1
2015/09/29,147,148,145,145,58000,145,1
2015/09/30,147,149,147,149,42000,149,1
2015/10/01,156,171,150,155,544000,155,1
2015/10/02,156,161,155,155,151000,155,1
2015/10/05,150,158,147,151,142000,151,1
2015/10/06,156,156,152,155,46000,155,1
2015/10/07,155,155,153,154,47000,154,1
2015/10/08,155,155,150,151,54000,151,1
2015/10/09,150,151,148,150,29000,150,1
2015/10/13,150,151,150,150,7000,150,1
2015/10/14,148,149,145,149,26000,149,1
2015/10/15,146,151,146,149,9000,149,1
2015/10/16,149,152,147,152,8000,152,1
2015/10/19,150,151,147,150,23000,150,1
2015/10/20,150,151,149,149,11000,149,1
2015/10/21,148,151,148,151,12000,151,1
2015/10/22,151,152,151,151,14000,151,1
2015/10/23,151,155,151,154,39000,154,1
2015/10/26,153,157,153,156,117000,156,1
2015/10/27,156,156,152,153,57000,153,1
2015/10/28,154,155,153,154,32000,154,1
2015/10/29,155,163,155,157,155000,157,1
2015/10/30,156,156,152,152,50000,152,1
2015/11/02,151,151,148,148,44000,148,1
2015/11/04,149,149,124,142,111000,142,1
2015/11/05,140,143,138,139,46000,139,1
2015/11/06,142,142,137,138,34000,138,1
2015/11/09,138,141,138,141,19000,141,1
2015/11/10,140,143,140,143,5000,143,1
2015/11/11,142,143,141,142,6000,142,1
2015/11/12,141,142,140,142,5000,142,1
2015/11/13,143,145,141,143,29000,143,1
2015/11/16,142,142,138,141,40000,141,1
2015/11/17,143,143,140,142,22000,142,1
2015/11/18,139,140,139,139,6000,139,1
2015/11/19,140,143,140,141,61000,141,1
2015/11/20,142,142,140,141,13000,141,1
2015/11/24,141,144,141,142,54000,142,1
2015/11/25,144,145,142,143,17000,143,1
2015/11/26,142,149,142,145,133000,145,1
2015/11/27,145,145,143,143,34000,143,1
2015/11/30,143,146,143,143,30000,143,1
2015/12/01,144,148,144,145,33000,145,1
2015/12/02,146,148,144,148,55000,148,1
2015/12/03,147,160,147,155,476000,155,1
2015/12/04,151,155,150,152,94000,152,1
2015/12/07,152,160,152,155,131000,155,1
2015/12/08,158,158,151,152,61000,152,1
2015/12/09,151,151,146,147,58000,147,1
2015/12/10,146,146,142,142,51000,142,1
2015/12/11,143,145,142,145,11000,145,1
2015/12/14,141,144,138,144,39000,144,1
2015/12/15,140,140,137,138,64000,138,1
2015/12/16,139,140,139,140,10000,140,1
2015/12/17,140,141,138,138,46000,138,1
2015/12/18,138,139,133,133,56000,133,1
2015/12/21,133,133,128,131,88000,131,1
2015/12/22,131,132,126,126,32000,126,1
2015/12/24,125,125,122,122,116000,122,1
2015/12/25,117,122,114,118,280000,118,1
2015/12/28,118,122,115,122,84000,122,1
2015/12/29,122,124,121,123,32000,123,1
2015/12/30,124,131,124,129,104000,129,1
2016/01/04,126,127,123,124,91000,124,1
2016/01/05,123,124,122,123,28000,123,1
2016/01/06,122,122,120,120,42000,120,1
2016/01/07,120,121,118,118,35000,118,1
2016/01/08,118,118,111,113,110000,113,1
2016/01/12,113,115,107,107,87000,107,1
2016/01/13,110,113,109,110,26000,110,1
2016/01/14,108,108,103,104,100000,104,1
2016/01/15,106,106,99,100,74000,100,1
2016/01/18,96,99,93,98,58000,98,1
2016/01/19,99,101,98,101,37000,101,1
2016/01/20,100,100,96,96,45000,96,1
2016/01/21,93,97,84,85,110000,85,1
2016/01/22,91,92,89,91,98000,91,1
2016/01/25,93,108,91,96,766000,96,1
2016/01/26,94,98,92,97,103000,97,1
2016/01/27,100,102,99,99,65000,99,1
2016/01/28,100,100,97,97,32000,97,1
2016/01/29,97,100,95,100,36000,100,1
2016/02/01,102,125,101,112,523000,112,1
2016/02/02,109,113,108,109,175000,109,1
2016/02/03,106,106,104,106,38000,106,1
2016/02/04,105,109,104,107,27000,107,1
2016/02/05,107,107,101,102,50000,102,1
2016/02/08,100,102,96,100,36000,100,1
2016/02/09,96,97,89,90,77000,90,1
2016/02/10,89,90,85,86,45000,86,1
2016/02/12,81,84,77,77,77000,77,1
2016/02/15,81,83,79,83,96000,83,1
2016/02/16,84,88,84,84,84000,84,1
2016/02/17,84,85,82,82,38000,82,1
2016/02/18,86,87,85,85,44000,85,1
2016/02/19,84,84,82,84,36000,84,1
2016/02/22,83,88,83,87,34000,87,1
2016/02/23,87,89,87,88,56000,88,1
2016/02/24,88,88,87,87,25000,87,1
2016/02/25,87,88,86,86,16000,86,1
2016/02/26,88,91,88,90,71000,90,1
2016/02/29,92,93,89,89,58000,89,1
2016/03/01,89,90,84,87,65000,87,1
2016/03/02,89,89,88,89,13000,89,1
2016/03/03,90,91,89,91,15000,91,1
2016/03/04,91,97,90,96,91000,96,1
2016/03/07,98,99,97,98,63000,98,1
2016/03/08,99,99,97,97,28000,97,1
2016/03/09,95,106,92,95,452000,95,1
2016/03/10,95,97,95,96,31000,96,1
2016/03/11,96,96,95,95,17000,95,1
2016/03/14,98,99,97,97,63000,97,1
2016/03/15,98,98,95,95,15000,95,1
2016/03/16,95,95,94,94,37000,94,1
2016/03/17,95,96,95,95,76000,95,1
2016/03/18,95,95,94,94,17000,94,1
2016/03/22,95,96,94,96,9000,96,1
2016/03/23,95,96,95,96,17000,96,1
2016/03/24,95,95,95,95,6000,95,1
2016/03/25,94,96,94,96,6000,96,1
2016/03/28,96,96,95,95,39000,95,1
2016/03/29,94,95,94,95,7000,95,1
2016/03/30,97,98,97,98,17000,98,1
2016/03/31,96,98,96,96,32000,96,1
2016/04/01,95,95,93,93,10000,93,1
2016/04/04,93,93,92,92,4000,92,1
2016/04/05,89,91,87,87,54000,87,1
2016/04/06,87,87,87,87,2000,87,1
2016/04/07,87,89,87,88,11000,88,1
2016/04/08,87,89,87,89,16000,89,1
2016/04/11,90,90,88,90,31000,90,1
2016/04/12,90,91,90,91,3000,91,1
2016/04/13,91,92,91,92,12000,92,1
2016/04/15,90,92,90,91,11000,91,1
2016/04/19,92,92,92,92,2000,92,1
2016/04/20,92,92,91,92,17000,92,1
2016/04/21,92,93,92,93,6000,93,1
2016/04/22,93,93,92,92,18000,92,1
2016/04/25,91,92,91,92,14000,92,1
2016/04/26,92,92,90,91,23000,91,1
2016/04/27,92,92,90,91,16000,91,1
2016/04/28,87,90,87,88,98000,88,1
2016/05/02,87,88,86,87,10000,87,1
2016/05/06,89,89,87,88,9000,88,1
2016/05/09,86,89,86,89,79000,89,1
2016/05/10,89,89,88,89,8000,89,1
2016/05/11,90,90,89,89,23000,89,1
2016/05/12,86,89,86,89,5000,89,1
2016/05/13,87,88,87,88,5000,88,1
2016/05/16,85,86,84,84,46000,84,1
2016/05/17,83,84,83,84,66000,84,1
2016/05/18,88,92,84,84,89000,84,1
2016/05/19,84,86,84,86,8000,86,1
2016/05/20,86,87,86,87,9000,87,1
2016/05/23,86,87,85,87,20000,87,1
2016/05/24,85,87,85,85,15000,85,1
2016/05/25,86,87,85,86,4000,86,1
2016/05/26,87,87,86,86,9000,86,1
2016/05/27,87,87,87,87,1000,87,1
2016/05/30,85,87,85,87,4000,87,1
2016/05/31,87,88,87,87,6000,87,1
2016/06/01,90,90,88,89,64000,89,1
2016/06/02,88,88,86,88,6000,88,1
2016/06/03,86,88,86,87,16000,87,1
2016/06/06,86,87,85,87,9000,87,1
2016/06/07,86,89,86,88,25000,88,1
2016/06/08,87,88,87,88,5000,88,1
2016/06/09,86,88,86,87,8000,87,1
2016/06/10,88,88,87,87,2000,87,1
2016/06/13,86,86,85,85,13000,85,1
2016/06/14,85,85,82,83,17000,83,1
2016/06/15,80,85,80,85,7000,85,1
2016/06/16,84,84,80,80,13000,80,1
2016/06/17,80,84,80,84,33000,84,1
2016/06/20,84,84,81,84,18000,84,1
2016/06/21,82,84,82,84,14000,84,1
2016/06/22,82,84,82,84,5000,84,1
2016/06/24,85,85,71,72,56000,72,1
2016/06/27,74,76,74,76,24000,76,1
2016/06/28,76,77,76,77,7000,77,1
2016/06/29,78,79,78,79,7000,79,1
2016/06/30,79,80,75,75,45000,75,1
2016/07/01,77,78,76,77,23000,77,1
2016/07/04,78,78,78,78,1000,78,1
2016/07/05,78,78,76,76,15000,76,1
2016/07/06,77,77,77,77,1000,77,1
2016/07/07,76,78,76,76,9000,76,1
2016/07/08,76,77,76,77,13000,77,1
2016/07/11,78,78,77,78,10000,78,1
2016/07/12,77,79,77,79,11000,79,1
2016/07/13,79,80,79,80,2000,80,1
2016/07/14,78,81,78,81,7000,81,1
2016/07/15,81,81,80,81,10000,81,1
2016/07/19,80,80,78,80,8000,80,1
2016/07/21,75,78,75,78,51000,78,1
2016/07/22,78,78,76,77,28000,77,1
2016/07/25,77,81,76,77,45000,77,1
2016/07/26,78,80,78,80,30000,80,1
2016/07/27,81,83,81,82,21000,82,1
2016/07/28,82,83,78,78,43000,78,1
2016/07/29,78,79,76,79,39000,79,1
2016/08/01,78,78,77,78,7000,78,1
2016/08/02,79,79,78,78,14000,78,1
2016/08/03,79,81,79,79,52000,79,1
2016/08/04,79,81,79,81,31000,81,1
2016/08/05,80,81,80,81,15000,81,1
2016/08/08,80,82,80,81,13000,81,1
2016/08/09,81,82,80,81,13000,81,1
2016/08/10,81,81,81,81,2000,81,1
2016/08/12,80,81,80,81,3000,81,1
2016/08/16,81,81,81,81,1000,81,1
2016/08/18,80,80,79,79,2000,79,1
2016/08/19,79,80,79,80,5000,80,1
2016/08/22,78,80,78,80,4000,80,1
2016/08/23,79,80,79,80,8000,80,1
2016/08/24,79,79,79,79,1000,79,1
2016/08/25,80,80,78,79,5000,79,1
2016/08/26,79,79,78,78,4000,78,1
2016/08/29,79,79,79,79,2000,79,1
2016/08/30,78,79,78,79,4000,79,1
2016/08/31,79,80,78,80,6000,80,1
2016/09/01,79,80,79,79,4000,79,1
2016/09/02,78,79,78,79,14000,79,1
2016/09/05,80,80,76,77,95000,77,1
2016/09/06,78,79,78,79,14000,79,1
2016/09/07,78,80,78,80,10000,80,1
2016/09/08,78,80,78,80,9000,80,1
2016/09/09,79,80,79,80,25000,80,1
2016/09/12,79,80,79,80,33000,80,1
2016/09/13,80,80,79,79,27000,79,1
2016/09/14,79,79,77,79,40000,79,1
2016/09/15,78,78,76,77,100000,77,1
2016/09/16,77,77,76,77,11000,77,1
2016/09/20,77,77,77,77,7000,77,1
2016/09/21,76,78,76,78,13000,78,1
2016/09/23,78,78,76,76,28000,76,1
2016/09/26,76,77,76,77,8000,77,1
2016/09/27,76,77,75,77,17000,77,1
2016/09/28,76,77,76,77,4000,77,1
2016/09/29,77,78,77,78,22000,78,1
2016/10/03,77,78,77,78,3000,78,1
2016/10/04,78,79,78,79,10000,79,1
2016/10/05,79,80,79,80,15000,80,1
2016/10/06,80,80,79,80,19000,80,1
2016/10/07,80,80,79,80,24000,80,1
2016/10/11,79,80,79,80,12000,80,1
2016/10/12,78,80,78,78,28000,78,1
2016/10/13,78,79,78,79,12000,79,1
2016/10/14,78,79,78,78,9000,78,1
2016/10/17,79,79,79,79,3000,79,1
2016/10/18,78,79,78,79,5000,79,1
2016/10/19,79,80,79,80,7000,80,1
2016/10/20,79,80,79,80,2000,80,1
2016/10/24,79,81,79,81,57000,81,1
2016/10/25,81,81,81,81,13000,81,1
2016/10/26,81,81,79,81,26000,81,1
2016/10/28,80,80,80,80,3000,80,1
2016/10/31,80,83,80,82,60000,82,1
2016/11/01,83,83,82,83,28000,83,1
2016/11/02,84,84,81,81,6000,81,1
2016/11/04,81,81,80,81,12000,81,1
2016/11/07,79,79,77,79,51000,79,1
2016/11/08,79,79,78,78,2000,78,1
2016/11/09,78,78,73,75,58000,75,1
2016/11/10,78,78,77,78,15000,78,1
2016/11/11,79,79,78,78,5000,78,1
2016/11/14,79,79,78,79,14000,79,1
2016/11/15,99,109,95,109,4821000,109,1
2016/11/16,131,138,118,124,4834000,124,1
2016/11/17,121,123,114,123,623000,123,1
2016/11/18,123,133,116,116,942000,116,1
2016/11/21,112,124,111,115,1145000,115,1
2016/11/22,122,125,115,118,614000,118,1
2016/11/24,116,117,110,110,346000,110,1
2016/11/25,111,112,106,106,147000,106,1
2016/11/28,109,110,105,108,126000,108,1
2016/11/29,105,110,105,110,70000,110,1
2016/11/30,109,113,107,110,180000,110,1
2016/12/01,118,130,113,113,1661000,113,1
2016/12/02,112,113,106,108,217000,108,1
2016/12/05,107,107,103,105,113000,105,1
2016/12/06,106,107,103,105,66000,105,1
2016/12/07,106,106,101,102,79000,102,1
2016/12/08,102,104,100,102,115000,102,1
2016/12/09,102,102,98,98,67000,98,1
2016/12/12,98,99,97,97,55000,97,1
2016/12/13,96,98,94,98,139000,98,1
2016/12/14,97,98,96,97,26000,97,1
2016/12/15,97,99,97,97,97000,97,1
2016/12/16,102,123,101,101,2186000,101,1
2016/12/19,101,101,99,99,171000,99,1
2016/12/20,99,101,98,100,73000,100,1
2016/12/21,101,103,99,101,125000,101,1
2016/12/22,101,101,98,100,46000,100,1
2016/12/26,101,101,99,99,25000,99,1
2016/12/27,99,99,97,97,127000,97,1
2016/12/28,99,101,98,101,91000,101,1
2016/12/29,100,100,98,99,42000,99,1
2016/12/30,99,101,99,99,35000,99,1
2017/01/04,101,101,99,100,27000,100,1
2017/01/05,101,101,100,101,29000,101,1
2017/01/06,101,104,100,102,52000,102,1
2017/01/10,103,104,102,103,43000,103,1
2017/01/11,103,119,103,108,789000,108,1
2017/01/12,107,107,104,105,89000,105,1
2017/01/13,105,105,104,105,34000,105,1
2017/01/16,105,105,104,104,61000,104,1
2017/01/17,103,103,100,102,100000,102,1
2017/01/18,102,102,101,102,10000,102,1
2017/01/19,104,120,104,105,1870000,105,1
2017/01/20,105,106,104,105,96000,105,1
2017/01/23,105,108,104,107,100000,107,1
2017/01/24,107,108,106,107,41000,107,1
2017/01/25,110,111,108,109,91000,109,1
2017/01/26,110,111,109,110,40000,110,1
2017/01/27,110,110,108,108,15000,108,1
2017/01/30,109,110,108,110,27000,110,1
2017/01/31,109,109,107,107,43000,107,1
2017/02/01,108,108,106,106,55000,106,1
2017/02/02,106,107,105,105,29000,105,1
2017/02/03,106,106,103,103,41000,103,1
2017/02/06,101,102,97,101,214000,101,1
2017/02/07,101,101,98,98,91000,98,1
2017/02/08,99,101,99,101,33000,101,1
2017/02/09,101,101,101,101,18000,101,1
2017/02/10,101,102,100,100,31000,100,1
2017/02/13,99,101,99,100,77000,100,1
2017/02/14,99,100,99,99,13000,99,1
2017/02/15,100,100,98,98,25000,98,1
2017/02/16,99,99,98,98,33000,98,1
2017/02/17,99,101,99,101,45000,101,1
2017/02/20,100,101,100,100,6000,100,1
2017/02/21,99,101,99,101,16000,101,1
2017/02/22,102,102,99,100,9000,100,1
2017/02/23,101,101,100,101,12000,101,1
2017/02/24,101,101,100,101,30000,101,1
2017/02/27,101,101,100,101,26000,101,1
2017/02/28,100,101,100,101,9000,101,1
2017/03/01,101,102,100,102,7000,102,1
2017/03/02,102,102,101,101,11000,101,1
2017/03/03,101,101,100,100,25000,100,1
2017/03/06,100,100,98,98,18000,98,1
2017/03/07,98,99,88,98,171000,98,1
2017/03/08,97,98,97,98,7000,98,1
2017/03/09,98,98,96,96,39000,96,1
2017/03/10,97,97,97,97,16000,97,1
2017/03/13,98,98,97,98,7000,98,1
2017/03/14,101,114,100,102,965000,102,1
2017/03/15,101,101,98,98,112000,98,1
2017/03/16,97,99,96,99,57000,99,1
2017/03/17,98,99,98,99,6000,99,1
2017/03/21,99,99,94,95,134000,95,1
2017/03/22,93,93,92,93,61000,93,1
2017/03/23,93,94,92,94,27000,94,1
2017/03/24,94,94,93,94,3000,94,1
2017/03/27,93,93,92,92,9000,92,1
2017/03/28,92,93,92,93,16000,93,1
2017/03/29,93,94,92,94,11000,94,1
2017/03/30,93,94,93,94,2000,94,1
2017/03/31,93,95,93,95,8000,95,1
2017/04/03,94,95,94,95,5000,95,1
2017/04/04,93,93,90,91,43000,91,1
2017/04/05,91,91,90,91,26000,91,1
2017/04/06,89,89,86,87,59000,87,1
2017/04/07,87,88,83,85,74000,85,1
2017/04/10,86,86,85,85,13000,85,1
2017/04/11,84,85,84,84,16000,84,1
2017/04/12,84,84,80,80,80000,80,1
2017/04/13,80,80,79,80,37000,80,1
2017/04/14,80,80,75,75,46000,75,1
2017/04/17,75,77,75,77,38000,77,1
2017/04/18,78,79,78,79,22000,79,1
2017/04/19,79,80,79,80,13000,80,1
2017/04/20,81,81,81,81,17000,81,1
2017/04/21,82,82,82,82,4000,82,1
2017/04/24,84,84,83,83,24000,83,1
2017/04/25,84,84,83,84,7000,84,1
2017/04/26,85,85,84,84,9000,84,1
2017/04/27,85,85,85,85,12000,85,1
2017/04/28,85,85,85,85,2000,85,1
2017/05/01,85,88,85,88,32000,88,1
2017/05/02,88,90,88,90,26000,90,1
2017/05/08,90,91,86,90,44000,90,1
2017/05/09,90,90,89,90,7000,90,1
2017/05/10,90,91,89,90,6000,90,1
2017/05/11,90,90,89,89,10000,89,1
2017/05/12,88,88,86,88,29000,88,1
2017/05/15,87,88,86,88,7000,88,1
2017/05/16,85,86,85,85,52000,85,1
2017/05/17,84,84,83,84,26000,84,1
2017/05/18,81,84,81,84,22000,84,1
2017/05/19,82,84,82,83,14000,83,1
2017/05/22,83,84,83,84,8000,84,1
2017/05/23,85,85,85,85,6000,85,1
2017/05/24,84,86,84,86,6000,86,1
2017/05/25,86,86,86,86,3000,86,1
2017/05/26,87,87,86,86,7000,86,1
2017/05/29,86,86,86,86,1000,86,1
2017/05/30,87,88,87,88,19000,88,1
2017/05/31,88,88,87,88,6000,88,1
2017/06/01,86,88,86,88,24000,88,1
2017/06/02,87,88,87,87,17000,87,1
2017/06/05,87,87,86,87,35000,87,1
2017/06/06,86,89,86,87,22000,87,1
2017/06/07,86,88,86,88,10000,88,1
2017/06/08,87,88,87,87,7000,87,1
2017/06/09,88,88,87,88,11000,88,1
2017/06/12,88,88,87,87,13000,87,1
2017/06/13,87,89,87,88,26000,88,1
2017/06/14,88,88,87,87,12000,87,1
2017/06/15,87,92,87,89,120000,89,1
2017/06/16,93,98,91,91,337000,91,1
2017/06/19,91,92,91,92,20000,92,1
2017/06/20,92,104,90,91,792000,91,1
2017/06/21,91,92,91,92,98000,92,1
2017/06/22,92,93,91,91,69000,91,1
2017/06/23,92,92,88,88,160000,88,1
2017/06/26,87,88,87,88,23000,88,1
2017/06/27,89,89,88,88,59000,88,1
2017/06/28,89,89,88,88,42000,88,1
2017/06/29,89,90,89,89,19000,89,1
2017/06/30,88,91,88,91,64000,91,1
2017/07/03,91,92,90,91,28000,91,1
2017/07/04,92,92,89,90,70000,90,1
2017/07/05,90,92,90,91,54000,91,1
2017/07/06,92,92,89,90,103000,90,1
2017/07/07,90,90,89,89,28000,89,1
2017/07/10,90,90,89,90,27000,90,1
2017/07/11,90,91,89,90,30000,90,1
2017/07/12,92,96,91,91,293000,91,1
2017/07/13,96,116,96,103,5707000,103,1
2017/07/14,103,104,96,97,537000,97,1
2017/07/18,96,96,93,93,179000,93,1
2017/07/19,94,95,93,95,81000,95,1
2017/07/20,95,99,95,97,197000,97,1
2017/07/21,97,99,97,98,124000,98,1
2017/07/24,98,99,97,99,80000,99,1
2017/07/25,97,98,95,95,201000,95,1
2017/07/26,96,98,96,96,128000,96,1
2017/07/27,96,97,95,95,76000,95,1
2017/07/28,95,95,91,92,122000,92,1
2017/07/31,92,93,91,92,45000,92,1
2017/08/01,91,92,89,89,126000,89,1
2017/08/02,89,92,89,91,84000,91,1
2017/08/03,92,92,89,89,86000,89,1
2017/08/04,89,92,89,90,91000,90,1
2017/08/07,89,90,88,89,131000,89,1
2017/08/08,89,90,89,89,29000,89,1
2017/08/09,90,90,86,86,107000,86,1
2017/08/10,88,88,86,86,51000,86,1
2017/08/14,85,85,82,84,72000,84,1
2017/08/15,85,86,84,86,56000,86,1
2017/08/16,86,86,85,86,53000,86,1
2017/08/17,86,87,85,85,37000,85,1
2017/08/18,85,85,83,84,47000,84,1
2017/08/21,85,85,82,83,49000,83,1
2017/08/22,82,83,82,82,27000,82,1
2017/08/23,83,84,82,83,49000,83,1
2017/08/24,83,83,82,83,18000,83,1
2017/08/25,83,87,83,85,68000,85,1
2017/08/28,86,87,85,85,25000,85,1
2017/08/29,85,85,83,85,50000,85,1
2017/08/30,85,86,84,84,20000,84,1
2017/08/31,85,85,84,84,25000,84,1
2017/09/01,85,85,84,84,25000,84,1
2017/09/04,84,84,81,81,90000,81,1
2017/09/05,82,82,80,80,90000,80,1
2017/09/06,80,81,79,80,50000,80,1
2017/09/07,80,81,80,80,24000,80,1
2017/09/08,81,82,80,80,36000,80,1
2017/09/11,81,82,81,81,36000,81,1
2017/09/12,83,85,82,85,70000,85,1
2017/09/13,85,85,83,83,39000,83,1
2017/09/14,83,87,83,87,157000,87,1
2017/09/15,86,86,84,85,35000,85,1
2017/09/19,86,86,85,85,43000,85,1
2017/09/20,86,86,84,85,26000,85,1
2017/09/21,85,86,84,84,56000,84,1
2017/09/22,85,86,84,84,87000,84,1
2017/09/25,85,85,84,84,21000,84,1
2017/09/26,85,85,84,85,63000,85,1
2017/09/27,85,86,84,85,23000,85,1
2017/09/28,86,86,84,86,21000,86,1
2017/09/29,86,86,84,84,51000,84,1
2017/10/02,84,85,84,85,37000,85,1
2017/10/03,85,86,84,85,40000,85,1
2017/10/04,86,86,85,86,125000,86,1
2017/10/05,86,86,85,85,64000,85,1
2017/10/06,86,93,85,91,367000,91,1
2017/10/10,91,92,88,89,256000,89,1
2017/10/11,89,93,87,91,393000,91,1
2017/10/12,92,99,89,99,841000,99,1
2017/10/13,98,98,93,93,558000,93,1
2017/10/16,93,94,91,92,221000,92,1
2017/10/17,92,92,90,92,328000,92,1
2017/10/18,93,95,91,93,188000,93,1
2017/10/19,94,94,91,92,294000,92,1
2017/10/20,92,92,91,91,76000,91,1
2017/10/23,92,94,92,93,122000,93,1
2017/10/24,94,96,92,93,403000,93,1
2017/10/25,93,93,92,92,158000,92,1
2017/10/26,93,93,92,93,141000,93,1
2017/10/27,92,93,91,91,72000,91,1
2017/10/30,92,92,90,90,91000,90,1
2017/10/31,89,91,88,90,162000,90,1
2017/11/01,90,90,89,89,129000,89,1
2017/11/02,92,93,89,89,218000,89,1
2017/11/06,90,91,90,90,37000,90,1
2017/11/07,89,90,88,88,79000,88,1
2017/11/08,89,90,88,88,72000,88,1
2017/11/09,90,95,90,91,259000,91,1
2017/11/10,91,91,89,89,148000,89,1
2017/11/13,90,90,89,89,51000,89,1
2017/11/14,89,89,88,88,116000,88,1
2017/11/15,89,89,84,84,251000,84,1
2017/11/16,84,86,84,86,105000,86,1
2017/11/17,86,88,86,87,116000,87,1
2017/11/20,87,93,87,92,472000,92,1
2017/11/21,90,94,89,91,303000,91,1
2017/11/22,92,92,90,91,164000,91,1
2017/11/24,91,92,90,91,64000,91,1
2017/11/27,91,92,91,92,88000,92,1
2017/11/28,92,94,90,90,201000,90,1
2017/11/29,91,101,91,98,2131000,98,1
2017/11/30,101,101,94,95,850000,95,1
2017/12/01,96,96,93,93,341000,93,1
2017/12/04,94,97,94,94,216000,94,1
2017/12/05,94,95,92,95,250000,95,1
2017/12/06,94,94,92,93,86000,93,1
2017/12/07,93,94,92,94,114000,94,1
2017/12/08,94,95,94,94,61000,94,1
2017/12/11,95,96,93,95,208000,95,1
2017/12/12,97,102,96,100,1051000,100,1
2017/12/13,101,103,99,100,549000,100,1
2017/12/14,100,103,100,102,291000,102,1
2017/12/15,102,102,99,99,169000,99,1
2017/12/18,99,99,96,96,189000,96,1
2017/12/19,96,97,95,97,145000,97,1
2017/12/20,97,98,96,97,38000,97,1
2017/12/21,97,101,96,100,170000,100,1
2017/12/22,100,102,98,98,197000,98,1
2017/12/25,98,98,97,98,95000,98,1
2017/12/26,97,98,96,98,222000,98,1
2017/12/27,97,100,97,100,38000,100,1
2017/12/28,99,100,97,97,68000,97,1
2017/12/29,97,98,97,97,98000,97,1
2018/01/04,99,101,98,99,125000,99,1
2018/01/05,99,100,98,100,110000,100,1
2018/01/09,102,102,99,100,198000,100,1
2018/01/10,100,100,99,99,121000,99,1
2018/01/11,101,101,99,100,97000,100,1
2018/01/12,99,101,98,98,189000,98,1
2018/01/15,99,101,98,100,246000,100,1
2018/01/16,101,105,99,100,531000,100,1
2018/01/17,99,99,96,97,413000,97,1
2018/01/18,97,98,96,96,105000,96,1
2018/01/19,96,97,96,97,24000,97,1
2018/01/22,97,97,96,96,108000,96,1
2018/01/23,97,101,97,99,306000,99,1
2018/01/24,100,100,98,99,180000,99,1
2018/01/25,99,100,99,100,43000,100,1
2018/01/26,99,100,99,100,89000,100,1
2018/01/29,101,101,98,98,108000,98,1
2018/01/30,98,98,95,97,192000,97,1
2018/01/31,95,98,95,97,46000,97,1
2018/02/01,97,98,97,98,69000,98,1
2018/02/02,97,97,95,97,141000,97,1
2018/02/05,94,95,90,90,380000,90,1
2018/02/06,86,87,83,86,251000,86,1
2018/02/07,89,90,86,86,81000,86,1
2018/02/08,86,88,86,87,29000,87,1
2018/02/09,84,86,84,86,74000,86,1
2018/02/13,87,88,87,87,67000,87,1
2018/02/14,87,87,84,84,59000,84,1
2018/02/15,85,87,84,86,76000,86,1
2018/02/16,86,88,86,88,27000,88,1
2018/02/19,87,90,87,89,48000,89,1
2018/02/20,90,90,88,88,19000,88,1
2018/02/21,85,89,85,89,224000,89,1
2018/02/22,89,89,86,86,71000,86,1
2018/02/23,87,88,86,87,55000,87,1
2018/02/26,88,89,88,89,15000,89,1
2018/02/27,89,92,88,89,115000,89,1
2018/02/28,89,90,89,89,7000,89,1
2018/03/01,89,89,87,88,74000,88,1
2018/03/02,87,87,86,87,33000,87,1
2018/03/05,88,91,86,87,155000,87,1
2018/03/06,88,91,88,88,115000,88,1
2018/03/07,88,89,87,88,15000,88,1
2018/03/08,89,90,89,89,19000,89,1
2018/03/09,90,93,90,90,77000,90,1
2018/03/12,91,92,90,90,37000,90,1
2018/03/13,91,92,89,92,99000,92,1
2018/03/14,92,92,90,91,57000,91,1
2018/03/15,90,92,90,91,107000,91,1
2018/03/16,90,91,89,90,72000,90,1
2018/03/19,89,93,89,90,169000,90,1
2018/03/20,91,91,90,90,46000,90,1
2018/03/22,91,92,90,91,112000,91,1
2018/03/23,90,90,87,89,145000,89,1
2018/03/26,86,88,86,88,69000,88,1
2018/03/27,88,89,88,89,15000,89,1
2018/03/28,89,89,87,88,21000,88,1
2018/03/29,88,89,88,88,32000,88,1
2018/03/30,89,89,88,88,13000,88,1
2018/04/02,90,91,89,89,58000,89,1
2018/04/03,88,90,88,90,25000,90,1
2018/04/04,90,93,90,92,82000,92,1
2018/04/05,93,93,90,90,70000,90,1
2018/04/06,91,92,91,91,54000,91,1
2018/04/09,90,91,90,91,13000,91,1
2018/04/10,91,91,90,91,9000,91,1
2018/04/11,90,90,88,88,52000,88,1
2018/04/12,90,91,89,91,63000,91,1
2018/04/13,93,99,93,97,613000,97,1
2018/04/16,96,103,92,97,903000,97,1
2018/04/17,98,100,96,100,267000,100,1
2018/04/18,100,102,98,101,285000,101,1
2018/04/19,101,101,98,98,131000,98,1
2018/04/20,98,99,96,96,111000,96,1
2018/04/23,97,97,96,97,32000,97,1
2018/04/24,97,100,96,100,50000,100,1
2018/04/25,99,100,98,98,41000,98,1
2018/04/26,99,100,97,99,45000,99,1
2018/04/27,99,99,96,96,63000,96,1
2018/05/01,96,97,95,97,41000,97,1
2018/05/02,98,100,98,99,76000,99,1
2018/05/07,99,112,99,102,2442000,102,1
2018/05/08,103,103,95,96,741000,96,1
2018/05/09,96,99,94,98,350000,98,1
2018/05/10,98,98,96,96,104000,96,1
2018/05/11,97,98,95,95,159000,95,1
2018/05/14,94,96,94,94,140000,94,1
2018/05/15,94,96,93,94,107000,94,1
2018/05/16,94,96,94,94,37000,94,1
2018/05/17,95,96,94,96,34000,96,1
2018/05/18,96,96,94,95,39000,95,1
2018/05/21,95,96,95,96,62000,96,1
2018/05/22,95,97,95,96,71000,96,1
2018/05/23,96,97,96,96,23000,96,1
2018/05/24,96,97,95,95,100000,95,1
2018/05/25,95,96,95,95,20000,95,1
2018/05/28,96,96,95,95,33000,95,1
2018/05/29,94,95,94,94,21000,94,1
2018/05/30,93,94,93,93,80000,93,1
2018/05/31,94,94,93,93,36000,93,1
2018/06/01,93,93,92,93,18000,93,1
2018/06/04,93,94,92,92,21000,92,1
2018/06/05,93,95,93,94,84000,94,1
2018/06/06,93,99,93,99,291000,99,1
2018/06/07,99,99,97,99,37000,99,1
2018/06/08,99,99,97,98,30000,98,1
2018/06/11,98,98,97,97,13000,97,1
2018/06/12,97,98,97,98,14000,98,1
2018/06/13,98,98,97,98,18000,98,1
2018/06/14,98,98,98,98,6000,98,1
2018/06/15,99,99,96,96,46000,96,1
2018/06/18,95,96,94,95,24000,95,1
2018/06/19,94,95,92,92,56000,92,1
2018/06/20,92,93,91,92,15000,92,1
2018/06/21,93,96,93,95,59000,95,1
2018/06/22,94,94,92,92,68000,92,1
2018/06/25,92,93,92,92,21000,92,1
2018/06/26,91,93,91,93,13000,93,1
2018/06/27,93,93,91,92,8000,92,1
2018/06/28,91,91,90,91,43000,91,1
2018/06/29,90,91,90,90,14000,90,1
2018/07/02,89,90,88,89,52000,89,1
2018/07/03,89,89,85,86,113000,86,1
2018/07/04,86,86,82,84,141000,84,1
2018/07/05,84,84,80,81,74000,81,1
2018/07/06,81,83,81,83,28000,83,1
2018/07/09,83,84,83,84,38000,84,1
2018/07/10,84,89,84,89,134000,89,1
2018/07/11,89,90,87,90,51000,90,1
2018/07/12,89,91,89,90,63000,90,1
2018/07/13,88,90,88,88,63000,88,1
