2007/01/04,283,285,283,285,2000,285,1
2007/01/05,285,285,283,285,4000,285,1
2007/01/09,285,299,284,299,10000,299,1
2007/01/10,302,317,300,317,16000,317,1
2007/01/11,297,298,290,298,11000,298,1
2007/01/12,298,298,298,298,1000,298,1
2007/01/15,298,300,290,300,8000,300,1
2007/01/17,298,298,298,298,1000,298,1
2007/01/18,296,296,295,295,3000,295,1
2007/01/19,295,298,292,298,8000,298,1
2007/01/22,295,300,294,294,26000,294,1
2007/01/23,293,293,293,293,1000,293,1
2007/01/24,297,297,290,290,9000,290,1
2007/01/25,291,294,290,294,13000,294,1
2007/01/26,270,283,270,283,12000,283,1
2007/01/29,273,280,271,280,12000,280,1
2007/01/30,272,274,272,274,6000,274,1
2007/01/31,274,274,274,274,2000,274,1
2007/02/02,273,273,273,273,2000,273,1
2007/02/07,271,271,270,270,3000,270,1
2007/02/08,255,260,255,257,21000,257,1
2007/02/09,259,265,259,265,4000,265,1
2007/02/13,270,270,270,270,8000,270,1
2007/02/14,262,265,262,265,2000,265,1
2007/02/15,263,265,260,265,8000,265,1
2007/02/19,261,261,261,261,1000,261,1
2007/02/20,261,261,258,258,3000,258,1
2007/02/21,262,265,262,265,3000,265,1
2007/02/22,260,263,260,260,4000,260,1
2007/02/23,261,261,261,261,1000,261,1
2007/02/26,265,266,265,266,5000,266,1
2007/02/28,265,268,260,268,7000,268,1
2007/03/01,265,270,265,270,4000,270,1
2007/03/02,290,290,290,290,5000,290,1
2007/03/05,287,287,267,267,7000,267,1
2007/03/06,267,277,267,277,2000,277,1
2007/03/07,277,286,272,286,4000,286,1
2007/03/08,274,283,274,283,2000,283,1
2007/03/09,280,282,280,282,2000,282,1
2007/03/12,268,270,268,270,24000,270,1
2007/03/13,267,267,264,267,8000,267,1
2007/03/14,258,267,252,267,19000,267,1
2007/03/15,255,260,254,254,39000,254,1
2007/03/16,255,255,255,255,1000,255,1
2007/03/19,252,252,250,250,5000,250,1
2007/03/20,250,258,250,258,3000,258,1
2007/03/22,248,257,248,257,15000,257,1
2007/03/23,257,257,257,257,3000,257,1
2007/03/26,242,257,242,257,21000,257,1
2007/03/28,257,257,257,257,1000,257,1
2007/03/29,248,255,248,255,2000,255,1
2007/03/30,256,256,256,256,1000,256,1
2007/04/03,256,256,256,256,1000,256,1
2007/04/06,256,256,254,254,4000,254,1
2007/04/09,255,258,255,258,3000,258,1
2007/04/10,267,267,267,267,8000,267,1
2007/04/11,259,265,259,262,3000,262,1
2007/04/13,259,263,257,263,5000,263,1
2007/04/16,258,268,258,268,3000,268,1
2007/04/24,255,266,255,266,3000,266,1
2007/04/26,265,265,258,263,5000,263,1
2007/04/27,263,264,263,264,2000,264,1
2007/05/01,259,259,258,258,2000,258,1
2007/05/02,257,267,255,267,4000,267,1
2007/05/07,260,265,260,265,3000,265,1
2007/05/09,260,268,260,268,6000,268,1
2007/05/10,278,278,269,277,10000,277,1
2007/05/11,278,278,278,278,1000,278,1
2007/05/14,281,281,278,278,2000,278,1
2007/05/15,278,278,278,278,2000,278,1
2007/05/16,282,282,282,282,1000,282,1
2007/05/21,280,280,280,280,1000,280,1
2007/05/22,282,282,282,282,1000,282,1
2007/05/23,273,279,273,279,2000,279,1
2007/05/24,279,279,279,279,1000,279,1
2007/05/25,279,279,279,279,1000,279,1
2007/05/28,274,280,274,280,3000,280,1
2007/05/29,271,280,271,280,3000,280,1
2007/05/30,279,279,279,279,1000,279,1
2007/05/31,280,280,280,280,1000,280,1
2007/06/01,275,275,275,275,1000,275,1
2007/06/04,274,280,274,280,4000,280,1
2007/06/05,275,275,275,275,1000,275,1
2007/06/06,278,278,274,274,3000,274,1
2007/06/07,269,275,269,275,3000,275,1
2007/06/08,270,274,265,274,8000,274,1
2007/06/11,279,279,269,279,11000,279,1
2007/06/12,278,278,278,278,1000,278,1
2007/06/19,272,275,272,275,2000,275,1
2007/06/21,266,271,266,271,2000,271,1
2007/06/22,272,272,272,272,1000,272,1
2007/06/25,272,274,272,274,9000,274,1
2007/06/26,267,272,267,272,5000,272,1
2007/06/27,274,274,274,274,3000,274,1
2007/06/28,274,274,274,274,1000,274,1
2007/06/29,274,274,274,274,1000,274,1
2007/07/02,274,274,274,274,4000,274,1
2007/07/03,274,276,274,276,10000,276,1
2007/07/04,276,276,276,276,3000,276,1
2007/07/05,275,275,275,275,1000,275,1
2007/07/06,276,276,275,275,3000,275,1
2007/07/09,272,275,272,275,3000,275,1
2007/07/10,275,276,272,276,18000,276,1
2007/07/11,275,275,271,274,5000,274,1
2007/07/12,272,272,268,268,4000,268,1
2007/07/13,270,270,270,270,1000,270,1
2007/07/17,266,268,266,268,2000,268,1
2007/07/18,265,265,264,264,4000,264,1
2007/07/19,266,266,265,265,5000,265,1
2007/07/20,262,268,262,268,4000,268,1
2007/07/23,265,265,265,265,2000,265,1
2007/07/24,263,267,263,267,3000,267,1
2007/07/25,264,269,264,269,10000,269,1
2007/07/26,254,255,249,252,13000,252,1
2007/07/30,247,254,247,254,3000,254,1
2007/07/31,249,254,249,254,2000,254,1
2007/08/01,249,249,245,245,3000,245,1
2007/08/02,247,254,246,254,4000,254,1
2007/08/08,235,235,226,226,19000,226,1
2007/08/09,228,233,228,233,3000,233,1
2007/08/10,238,238,223,223,11000,223,1
2007/08/13,225,235,225,232,12000,232,1
2007/08/15,223,223,223,223,1000,223,1
2007/08/16,222,222,221,221,2000,221,1
2007/08/17,220,220,216,216,3000,216,1
2007/08/20,216,216,214,214,4000,214,1
2007/08/21,204,204,192,193,5000,193,1
2007/08/22,193,193,185,185,7000,185,1
2007/08/23,183,189,179,189,9000,189,1
2007/08/27,189,189,188,188,4000,188,1
2007/08/28,198,198,198,198,2000,198,1
2007/08/29,188,196,188,196,4000,196,1
2007/08/30,197,199,196,196,3000,196,1
2007/09/03,200,200,196,196,2000,196,1
2007/09/04,196,196,193,193,3000,193,1
2007/09/05,192,192,192,192,1000,192,1
2007/09/06,192,192,190,190,4000,190,1
2007/09/07,191,200,191,200,3000,200,1
2007/09/10,200,200,200,200,12000,200,1
2007/09/12,190,190,190,190,2000,190,1
2007/09/13,188,189,188,189,2000,189,1
2007/09/20,187,187,187,187,1000,187,1
2007/09/21,188,200,188,200,2000,200,1
2007/09/25,197,197,197,197,3000,197,1
2007/09/26,197,197,197,197,3000,197,1
2007/09/27,196,196,193,193,4000,193,1
2007/09/28,198,199,198,199,3000,199,1
2007/10/03,194,195,194,194,7000,194,1
2007/10/04,195,195,194,194,3000,194,1
2007/10/05,194,195,194,195,4000,195,1
2007/10/09,199,199,195,195,13000,195,1
2007/10/10,196,196,196,196,15000,196,1
2007/10/11,198,198,196,197,4000,197,1
2007/10/12,198,199,198,199,3000,199,1
2007/10/15,197,197,196,196,5000,196,1
2007/10/16,196,198,195,195,7000,195,1
2007/10/17,198,198,197,197,2000,197,1
2007/10/19,195,195,193,193,12000,193,1
2007/10/22,190,192,190,192,3000,192,1
2007/10/23,191,192,190,192,73000,192,1
2007/10/24,194,194,190,190,10000,190,1
2007/10/25,192,196,190,196,15000,196,1
2007/10/26,183,184,175,176,15000,176,1
2007/10/29,176,176,170,170,4000,170,1
2007/10/30,170,170,169,169,5000,169,1
2007/10/31,170,170,169,169,8000,169,1
2007/11/01,168,168,165,165,8000,165,1
2007/11/02,165,165,165,165,1000,165,1
2007/11/05,165,165,161,161,6000,161,1
2007/11/06,161,161,152,158,7000,158,1
2007/11/07,158,158,157,157,7000,157,1
2007/11/08,155,155,154,155,4000,155,1
2007/11/09,153,158,152,158,6000,158,1
2007/11/12,162,162,151,151,20000,151,1
2007/11/13,151,156,150,150,7000,150,1
2007/11/14,150,150,149,149,3000,149,1
2007/11/15,153,153,153,153,2000,153,1
2007/11/16,150,155,150,155,8000,155,1
2007/11/19,152,152,152,152,2000,152,1
2007/11/20,152,152,151,151,48000,151,1
2007/11/21,156,156,156,156,1000,156,1
2007/11/22,155,155,151,151,3000,151,1
2007/11/26,151,151,150,150,6000,150,1
2007/11/27,147,147,147,147,1000,147,1
2007/11/28,148,157,147,157,7000,157,1
2007/11/29,158,158,158,158,1000,158,1
2007/11/30,150,164,140,164,77000,164,1
2007/12/03,170,170,170,170,2000,170,1
2007/12/06,170,170,169,170,7000,170,1
2007/12/07,170,171,170,171,6000,171,1
2007/12/10,176,178,174,178,16000,178,1
2007/12/11,183,185,182,185,12000,185,1
2007/12/12,184,184,180,180,11000,180,1
2007/12/13,171,175,170,175,18000,175,1
2007/12/14,175,175,175,175,6000,175,1
2007/12/18,175,175,170,175,22000,175,1
2007/12/19,175,181,175,181,3000,181,1
2007/12/20,161,175,157,175,78000,175,1
2007/12/21,175,180,175,180,9000,180,1
2007/12/25,180,182,176,176,8000,176,1
2007/12/26,172,179,171,179,24000,179,1
2007/12/28,166,190,165,190,13000,190,1
2008/01/04,168,168,168,168,3000,168,1
2008/01/07,167,182,167,178,16000,178,1
2008/01/08,185,185,185,185,1000,185,1
2008/01/09,182,183,182,183,3000,183,1
2008/01/10,193,193,184,184,13000,184,1
2008/01/11,182,182,182,182,2000,182,1
2008/01/15,185,185,185,185,1000,185,1
2008/01/16,178,178,178,178,1000,178,1
2008/01/17,176,176,175,175,2000,175,1
2008/01/18,180,180,180,180,2000,180,1
2008/01/22,175,175,175,175,1000,175,1
2008/01/24,161,170,161,170,2000,170,1
2008/01/25,178,178,178,178,1000,178,1
2008/01/28,184,184,182,182,2000,182,1
2008/01/30,183,183,183,183,2000,183,1
2008/02/04,173,180,173,180,3000,180,1
2008/02/07,180,180,176,176,2000,176,1
2008/02/08,175,182,175,182,5000,182,1
2008/02/12,187,187,187,187,11000,187,1
2008/02/13,180,180,180,180,1000,180,1
2008/02/14,180,180,180,180,1000,180,1
2008/02/15,180,180,180,180,1000,180,1
2008/02/18,180,185,180,185,6000,185,1
2008/02/19,175,180,175,180,6000,180,1
2008/02/25,180,180,180,180,3000,180,1
2008/02/26,175,175,174,174,4000,174,1
2008/02/27,172,174,172,174,5000,174,1
2008/02/28,171,171,171,171,1000,171,1
2008/02/29,180,180,180,180,2000,180,1
2008/03/04,175,175,175,175,2000,175,1
2008/03/05,175,175,173,173,2000,173,1
2008/03/06,171,171,171,171,1000,171,1
2008/03/07,171,175,171,175,2000,175,1
2008/03/10,180,180,171,175,13000,175,1
2008/03/12,166,175,166,175,3000,175,1
2008/03/18,170,170,170,170,1000,170,1
2008/03/21,170,175,170,175,4000,175,1
2008/03/24,177,177,177,177,1000,177,1
2008/03/25,175,175,173,174,8000,174,1
2008/03/26,159,159,159,159,4000,159,1
2008/03/27,159,162,159,162,2000,162,1
2008/03/28,170,170,170,170,3000,170,1
2008/03/31,170,178,170,178,4000,178,1
2008/04/03,175,175,175,175,1000,175,1
2008/04/04,170,171,170,170,6000,170,1
2008/04/07,165,165,165,165,1000,165,1
2008/04/08,163,163,163,163,1000,163,1
2008/04/09,173,173,173,173,1000,173,1
2008/04/10,175,175,160,160,14000,160,1
2008/04/11,178,178,178,178,16000,178,1
2008/04/14,185,185,185,185,10000,185,1
2008/04/16,206,210,206,209,53000,209,1
2008/04/17,206,206,203,203,14000,203,1
2008/04/21,205,205,190,200,34000,200,1
2008/04/22,201,201,201,201,2000,201,1
2008/04/23,204,204,201,201,16000,201,1
2008/04/24,201,203,201,202,27000,202,1
2008/04/25,202,202,202,202,7000,202,1
2008/04/28,203,204,200,200,39000,200,1
2008/04/30,200,200,199,199,21000,199,1
2008/05/01,200,200,198,199,7000,199,1
2008/05/02,201,202,201,201,14000,201,1
2008/05/07,202,212,202,204,70000,204,1
2008/05/08,206,208,205,207,21000,207,1
2008/05/09,210,210,207,208,15000,208,1
2008/05/12,211,211,207,208,53000,208,1
2008/05/13,207,209,207,208,16000,208,1
2008/05/14,207,209,207,209,9000,209,1
2008/05/15,208,208,207,207,20000,207,1
2008/05/16,208,209,207,208,50000,208,1
2008/05/19,207,208,207,208,8000,208,1
2008/05/20,208,208,208,208,12000,208,1
2008/05/21,208,209,208,209,14000,209,1
2008/05/22,208,213,208,213,14000,213,1
2008/05/23,217,217,211,211,4000,211,1
2008/05/26,197,207,197,207,5000,207,1
2008/05/27,199,199,185,185,6000,185,1
2008/05/28,180,180,173,173,13000,173,1
2008/05/29,172,178,172,177,9000,177,1
2008/05/30,175,175,170,170,10000,170,1
2008/06/02,174,174,173,173,3000,173,1
2008/06/03,173,174,173,174,2000,174,1
2008/06/04,174,174,171,171,12000,171,1
2008/06/05,170,171,170,171,3000,171,1
2008/06/06,173,173,171,171,6000,171,1
2008/06/09,171,171,168,168,4000,168,1
2008/06/10,170,170,170,170,12000,170,1
2008/06/11,165,165,164,164,5000,164,1
2008/06/18,162,162,162,162,2000,162,1
2008/06/19,162,162,161,161,3000,161,1
2008/06/20,160,160,160,160,4000,160,1
2008/06/25,160,160,160,160,3000,160,1
2008/06/26,158,158,155,155,4000,155,1
2008/06/30,155,163,155,163,4000,163,1
2008/07/04,158,158,158,158,1000,158,1
2008/07/07,158,158,158,158,1000,158,1
2008/07/08,157,157,157,157,5000,157,1
2008/07/09,158,162,158,162,7000,162,1
2008/07/10,162,163,162,163,13000,163,1
2008/07/11,165,165,161,161,3000,161,1
2008/07/14,161,161,161,161,1000,161,1
2008/07/16,160,160,160,160,3000,160,1
2008/07/17,160,160,158,158,3000,158,1
2008/07/22,158,158,157,157,3000,157,1
2008/07/23,156,156,150,150,7000,150,1
2008/07/25,150,150,150,150,2000,150,1
2008/07/28,151,151,151,151,2000,151,1
2008/07/29,151,151,151,151,1000,151,1
2008/07/31,151,151,151,151,1000,151,1
2008/08/04,146,146,146,146,1000,146,1
2008/08/05,145,145,145,145,1000,145,1
2008/08/06,142,142,142,142,2000,142,1
2008/08/07,142,142,140,140,6000,140,1
2008/08/08,140,144,140,144,3000,144,1
2008/08/11,145,145,145,145,12000,145,1
2008/08/12,145,145,135,135,18000,135,1
2008/08/13,121,121,121,121,3000,121,1
2008/08/14,121,121,120,120,6000,120,1
2008/08/15,120,120,120,120,5000,120,1
2008/08/18,126,128,126,128,2000,128,1
2008/08/19,125,125,119,120,13000,120,1
2008/08/20,119,119,119,119,2000,119,1
2008/08/21,119,119,115,115,10000,115,1
2008/08/22,115,117,115,117,2000,117,1
2008/08/25,117,117,115,115,2000,115,1
2008/08/26,112,112,112,112,7000,112,1
2008/08/27,112,112,112,112,2000,112,1
2008/08/28,112,113,112,113,4000,113,1
2008/08/29,113,113,113,113,3000,113,1
2008/09/01,110,110,109,110,9000,110,1
2008/09/02,110,110,106,106,9000,106,1
2008/09/03,101,104,101,104,8000,104,1
2008/09/04,103,103,103,103,1000,103,1
2008/09/05,101,103,101,103,7000,103,1
2008/09/08,102,105,102,105,11000,105,1
2008/09/09,105,109,105,109,6000,109,1
2008/09/10,129,132,129,130,18000,130,1
2008/09/11,129,129,125,125,2000,125,1
2008/09/12,128,128,125,125,4000,125,1
2008/09/16,123,123,116,120,6000,120,1
2008/09/17,121,121,120,120,12000,120,1
2008/09/18,122,122,122,122,2000,122,1
2008/09/19,124,126,120,120,14000,120,1
2008/09/22,122,126,122,122,12000,122,1
2008/09/24,124,126,124,124,11000,124,1
2008/09/25,114,115,114,115,8000,115,1
2008/09/26,105,110,105,110,8000,110,1
2008/09/30,110,110,110,110,2000,110,1
2008/10/01,107,107,107,107,1000,107,1
2008/10/02,107,107,107,107,1000,107,1
2008/10/03,107,107,107,107,1000,107,1
2008/10/06,107,108,105,105,5000,105,1
2008/10/07,102,105,100,105,5000,105,1
2008/10/08,100,103,98,103,3000,103,1
2008/10/09,103,105,88,102,24000,102,1
2008/10/10,117,117,102,102,18000,102,1
2008/10/14,109,112,109,112,2000,112,1
2008/10/16,102,112,102,112,2000,112,1
2008/10/20,103,107,103,107,3000,107,1
2008/10/21,110,110,110,110,1000,110,1
2008/10/22,107,107,107,107,5000,107,1
2008/10/23,107,112,107,107,7000,107,1
2008/10/24,105,105,100,100,9000,100,1
2008/10/27,100,100,100,100,2000,100,1
2008/10/28,101,101,101,101,1000,101,1
2008/10/31,101,101,100,100,3000,100,1
2008/11/05,108,108,103,103,5000,103,1
2008/11/07,101,106,101,105,6000,105,1
2008/11/10,111,111,105,105,18000,105,1
2008/11/11,100,100,100,100,7000,100,1
2008/11/12,100,100,100,100,2000,100,1
2008/11/13,100,100,100,100,3000,100,1
2008/11/14,98,98,98,98,2000,98,1
2008/11/17,95,100,95,100,2000,100,1
2008/11/20,94,94,94,94,1000,94,1
2008/11/25,95,95,95,95,3000,95,1
2008/11/26,96,96,95,95,4000,95,1
2008/11/27,90,95,90,95,3000,95,1
2008/11/28,90,90,90,90,1000,90,1
2008/12/01,89,89,89,89,1000,89,1
2008/12/02,86,86,86,86,1000,86,1
2008/12/04,86,86,86,86,1000,86,1
2008/12/08,88,90,88,90,4000,90,1
2008/12/09,92,93,92,93,11000,93,1
2008/12/10,108,108,93,93,18000,93,1
2008/12/11,107,107,107,107,3000,107,1
2008/12/15,100,100,100,100,1000,100,1
2008/12/17,103,103,102,102,3000,102,1
2008/12/18,95,95,95,95,1000,95,1
2008/12/19,96,96,95,95,2000,95,1
2008/12/22,95,95,95,95,2000,95,1
2008/12/24,94,94,91,91,4000,91,1
2008/12/25,100,100,100,100,1000,100,1
2008/12/26,94,94,94,94,2000,94,1
2008/12/29,92,92,92,92,3000,92,1
2008/12/30,92,92,92,92,2000,92,1
2009/01/05,91,91,91,91,1000,91,1
2009/01/06,95,95,93,93,11000,93,1
2009/01/07,94,94,91,91,7000,91,1
2009/01/08,93,96,93,96,2000,96,1
2009/01/09,97,102,96,96,25000,96,1
2009/01/13,96,96,91,91,22000,91,1
2009/01/14,93,93,90,90,6000,90,1
2009/01/16,88,88,88,88,5000,88,1
2009/01/19,89,89,89,89,2000,89,1
2009/01/20,90,90,90,90,2000,90,1
2009/01/21,88,88,88,88,1000,88,1
2009/01/22,86,86,85,85,4000,85,1
2009/01/23,84,84,80,80,11000,80,1
2009/01/26,80,80,74,74,7000,74,1
2009/01/27,79,79,74,74,3000,74,1
2009/01/28,74,74,74,74,1000,74,1
2009/01/29,72,72,69,72,8000,72,1
2009/01/30,79,79,79,79,3000,79,1
2009/02/02,74,75,74,75,2000,75,1
2009/02/03,76,76,76,76,3000,76,1
2009/02/04,76,76,76,76,1000,76,1
2009/02/06,79,79,69,69,16000,69,1
2009/02/09,70,70,68,70,16000,70,1
2009/02/10,70,70,66,66,25000,66,1
2009/02/12,65,66,64,64,15000,64,1
2009/02/16,64,64,63,63,8000,63,1
2009/02/17,60,60,60,60,4000,60,1
2009/02/18,55,56,55,55,14000,55,1
2009/02/19,50,55,50,50,20000,50,1
2009/02/20,45,47,45,46,29000,46,1
2009/02/23,42,44,41,42,36000,42,1
2009/02/24,42,45,42,45,5000,45,1
2009/02/25,44,45,44,44,6000,44,1
2009/02/26,47,47,46,47,8000,47,1
2009/02/27,47,48,47,48,4000,48,1
2009/03/02,48,48,48,48,1000,48,1
2009/03/03,49,49,46,46,9000,46,1
2009/03/04,48,48,48,48,1000,48,1
2009/03/05,49,53,49,52,11000,52,1
2009/03/06,52,55,52,55,8000,55,1
2009/03/09,63,64,60,64,14000,64,1
2009/03/10,62,62,54,58,12000,58,1
2009/03/13,58,58,58,58,1000,58,1
2009/03/16,58,58,50,58,22000,58,1
2009/03/17,56,56,56,56,6000,56,1
2009/03/18,56,56,54,54,12000,54,1
2009/03/19,55,56,55,56,8000,56,1
2009/03/23,60,61,59,61,13000,61,1
2009/03/24,60,61,60,61,2000,61,1
2009/03/25,61,70,61,68,23000,68,1
2009/03/26,65,65,57,63,28000,63,1
2009/03/27,59,60,58,60,3000,60,1
2009/03/30,58,58,56,56,6000,56,1
2009/03/31,61,61,61,61,1000,61,1
2009/04/01,57,57,57,57,2000,57,1
2009/04/02,57,57,57,57,3000,57,1
2009/04/03,57,57,54,55,11000,55,1
2009/04/06,56,59,54,54,11000,54,1
2009/04/07,54,54,50,51,45000,51,1
2009/04/08,50,50,49,50,17000,50,1
2009/04/09,50,52,50,52,22000,52,1
2009/04/10,48,50,48,50,30000,50,1
2009/04/13,52,53,52,53,6000,53,1
2009/04/14,56,56,50,50,20000,50,1
2009/04/15,50,51,50,51,22000,51,1
2009/04/16,49,49,49,49,6000,49,1
2009/04/17,50,50,48,48,31000,48,1
2009/04/20,51,52,51,52,6000,52,1
2009/04/21,50,50,49,49,8000,49,1
2009/04/22,52,52,50,50,11000,50,1
2009/04/23,50,50,49,49,20000,49,1
2009/04/24,51,51,51,51,1000,51,1
2009/04/27,52,52,52,52,3000,52,1
2009/04/28,52,52,52,52,1000,52,1
2009/04/30,53,53,51,51,6000,51,1
2009/05/01,51,52,51,52,3000,52,1
2009/05/07,53,53,52,52,9000,52,1
2009/05/08,55,59,53,59,31000,59,1
2009/05/11,54,59,54,55,19000,55,1
2009/05/12,56,58,56,58,13000,58,1
2009/05/13,54,54,53,54,28000,54,1
2009/05/14,55,55,55,55,4000,55,1
2009/05/15,55,55,54,54,5000,54,1
2009/05/18,55,56,55,56,10000,56,1
2009/05/19,54,55,54,54,4000,54,1
2009/05/20,55,55,54,54,9000,54,1
2009/05/21,54,54,54,54,1000,54,1
2009/05/22,54,54,54,54,2000,54,1
2009/05/25,55,55,55,55,6000,55,1
2009/05/26,56,56,56,56,5000,56,1
2009/05/27,56,57,56,56,15000,56,1
2009/05/28,56,56,55,56,9000,56,1
2009/05/29,56,63,56,62,26000,62,1
2009/06/01,62,66,62,62,20000,62,1
2009/06/02,65,65,61,65,9000,65,1
2009/06/03,66,69,65,66,19000,66,1
2009/06/04,67,67,60,65,11000,65,1
2009/06/08,66,73,66,73,13000,73,1
2009/06/09,78,78,74,78,19000,78,1
2009/06/10,74,82,73,78,36000,78,1
2009/06/11,81,86,81,86,10000,86,1
2009/06/12,93,100,86,100,62000,100,1
2009/06/15,101,101,86,95,69000,95,1
2009/06/16,90,96,86,91,7000,91,1
2009/06/17,88,92,88,92,5000,92,1
2009/06/18,92,93,91,91,6000,91,1
2009/06/19,88,91,88,91,2000,91,1
2009/06/23,91,91,80,91,25000,91,1
2009/06/24,89,93,87,93,7000,93,1
2009/06/25,94,99,87,99,36000,99,1
2009/06/26,99,99,99,99,2000,99,1
2009/06/29,100,100,90,93,31000,93,1
2009/06/30,94,99,94,99,10000,99,1
2009/07/01,96,98,96,98,11000,98,1
2009/07/02,97,97,95,96,6000,96,1
2009/07/03,97,97,91,95,20000,95,1
2009/07/06,95,96,94,96,6000,96,1
2009/07/07,94,94,94,94,2000,94,1
2009/07/08,94,94,91,91,13000,91,1
2009/07/09,91,92,91,92,10000,92,1
2009/07/10,89,89,85,88,24000,88,1
2009/07/13,81,81,65,65,46000,65,1
2009/07/14,73,77,73,77,16000,77,1
2009/07/15,75,77,75,77,5000,77,1
2009/07/17,82,82,79,82,13000,82,1
2009/07/21,81,83,80,82,11000,82,1
2009/07/22,84,84,82,83,12000,83,1
2009/07/23,82,85,82,85,20000,85,1
2009/07/24,85,88,85,85,6000,85,1
2009/07/27,86,86,83,84,8000,84,1
2009/07/28,88,88,84,84,8000,84,1
2009/07/29,84,84,84,84,3000,84,1
2009/07/30,84,84,84,84,1000,84,1
2009/07/31,85,87,82,87,7000,87,1
2009/08/03,85,86,85,86,4000,86,1
2009/08/04,86,86,86,86,3000,86,1
2009/08/05,86,88,86,86,10000,86,1
2009/08/06,86,86,86,86,4000,86,1
2009/08/07,85,86,84,86,17000,86,1
2009/08/10,82,85,82,85,14000,85,1
2009/08/11,84,85,84,85,14000,85,1
2009/08/12,83,84,83,84,6000,84,1
2009/08/13,84,84,84,84,2000,84,1
2009/08/14,83,84,82,84,14000,84,1
2009/08/17,80,83,78,80,33000,80,1
2009/08/18,78,80,77,80,12000,80,1
2009/08/19,77,78,76,77,9000,77,1
2009/08/20,77,80,74,75,32000,75,1
2009/08/21,74,74,74,74,3000,74,1
2009/08/24,75,75,71,75,53000,75,1
2009/08/25,73,75,73,75,16000,75,1
2009/08/26,73,78,73,78,24000,78,1
2009/08/27,80,85,75,78,78000,78,1
2009/08/28,78,80,78,80,11000,80,1
2009/08/31,81,81,80,80,14000,80,1
2009/09/01,82,90,73,80,66000,80,1
2009/09/02,80,81,77,81,8000,81,1
2009/09/03,80,85,78,79,50000,79,1
2009/09/04,79,79,78,79,8000,79,1
2009/09/07,79,79,77,77,10000,77,1
2009/09/08,78,79,78,79,3000,79,1
2009/09/09,80,81,79,81,17000,81,1
2009/09/10,77,79,77,79,19000,79,1
2009/09/11,79,81,79,81,14000,81,1
2009/09/14,80,80,78,80,6000,80,1
2009/09/15,78,78,77,77,13000,77,1
2009/09/16,78,78,77,77,2000,77,1
2009/09/17,76,76,75,75,15000,75,1
2009/09/18,76,76,73,76,18000,76,1
2009/09/24,73,73,67,71,18000,71,1
2009/09/25,68,69,68,69,9000,69,1
2009/09/28,69,69,66,66,8000,66,1
2009/09/29,68,68,66,66,3000,66,1
2009/09/30,66,67,65,65,5000,65,1
2009/10/01,64,64,63,63,3000,63,1
2009/10/02,65,65,65,65,1000,65,1
2009/10/05,63,63,61,61,3000,61,1
2009/10/06,63,63,62,62,4000,62,1
2009/10/07,63,63,63,63,1000,63,1
2009/10/08,65,65,64,65,7000,65,1
2009/10/09,65,73,65,73,13000,73,1
2009/10/13,68,69,68,69,5000,69,1
2009/10/19,69,69,69,69,1000,69,1
2009/10/20,66,68,66,68,7000,68,1
2009/10/21,67,67,67,67,1000,67,1
2009/10/22,67,68,67,68,4000,68,1
2009/10/23,69,69,67,67,2000,67,1
2009/10/26,70,70,70,70,2000,70,1
2009/10/29,67,67,66,66,2000,66,1
2009/10/30,66,67,66,67,3000,67,1
2009/11/02,66,66,66,66,4000,66,1
2009/11/04,69,69,67,67,4000,67,1
2009/11/05,67,67,67,67,1000,67,1
2009/11/06,68,69,68,68,3000,68,1
2009/11/09,68,70,68,70,5000,70,1
2009/11/10,65,67,65,66,12000,66,1
2009/11/11,67,69,67,69,3000,69,1
2009/11/12,69,69,69,69,2000,69,1
2009/11/16,64,64,64,64,3000,64,1
2009/11/17,63,64,63,64,3000,64,1
2009/11/19,55,56,54,55,37000,55,1
2009/11/20,55,58,54,58,7000,58,1
2009/11/24,55,58,55,58,5000,58,1
2009/11/25,58,60,58,60,7000,60,1
2009/11/26,63,64,63,64,6000,64,1
2009/11/27,64,64,64,64,1000,64,1
2009/12/03,59,59,59,59,1000,59,1
2009/12/04,59,59,59,59,2000,59,1
2009/12/07,60,62,60,62,3000,62,1
2009/12/08,62,68,62,68,8000,68,1
2009/12/09,66,67,66,67,5000,67,1
2009/12/10,62,63,62,62,20000,62,1
2009/12/11,64,64,64,64,3000,64,1
2009/12/14,64,64,64,64,2000,64,1
2009/12/15,60,65,60,65,3000,65,1
2009/12/16,60,61,60,60,3000,60,1
2009/12/17,62,62,61,61,2000,61,1
2009/12/18,61,61,61,61,2000,61,1
2009/12/21,62,62,62,62,3000,62,1
2009/12/22,62,62,60,60,9000,60,1
2009/12/24,61,61,60,60,36000,60,1
2009/12/25,61,61,60,60,4000,60,1
2009/12/28,61,61,60,60,5000,60,1
2009/12/29,60,60,60,60,1000,60,1
2009/12/30,63,63,61,61,4000,61,1
2010/01/04,61,61,61,61,2000,61,1
2010/01/06,60,60,60,60,4000,60,1
2010/01/07,62,62,62,62,2000,62,1
2010/01/08,62,62,61,62,4000,62,1
2010/01/12,60,63,60,60,10000,60,1
2010/01/13,60,60,60,60,2000,60,1
2010/01/15,60,60,60,60,1000,60,1
2010/01/18,60,63,59,62,11000,62,1
2010/01/19,60,60,60,60,10000,60,1
2010/01/20,61,62,61,62,4000,62,1
2010/01/21,62,62,62,62,2000,62,1
2010/01/22,60,61,60,61,6000,61,1
2010/01/25,62,63,61,63,6000,63,1
2010/01/26,63,63,63,63,5000,63,1
2010/01/27,62,62,62,62,5000,62,1
2010/01/28,63,63,63,63,5000,63,1
2010/01/29,64,64,64,64,7000,64,1
2010/02/01,61,61,61,61,16000,61,1
2010/02/02,61,61,61,61,2000,61,1
2010/02/03,62,62,62,62,1000,62,1
2010/02/04,61,63,61,63,3000,63,1
2010/02/05,61,63,61,63,4000,63,1
2010/02/08,63,63,61,61,8000,61,1
2010/02/09,61,63,61,63,3000,63,1
2010/02/10,60,62,60,62,10000,62,1
2010/02/12,62,63,62,63,13000,63,1
2010/02/15,63,67,63,67,4000,67,1
2010/02/16,62,64,62,64,5000,64,1
2010/02/17,64,65,64,65,5000,65,1
2010/02/22,65,65,65,65,1000,65,1
2010/02/23,65,65,65,65,1000,65,1
2010/02/25,63,64,63,63,3000,63,1
2010/02/26,63,63,63,63,1000,63,1
2010/03/01,63,63,63,63,1000,63,1
2010/03/05,64,64,64,64,5000,64,1
2010/03/08,64,66,64,66,11000,66,1
2010/03/09,64,64,62,63,9000,63,1
2010/03/10,63,64,63,64,8000,64,1
2010/03/11,63,64,63,64,2000,64,1
2010/03/12,63,64,63,64,2000,64,1
2010/03/15,64,64,62,63,12000,63,1
2010/03/16,62,63,62,62,3000,62,1
2010/03/17,63,63,62,63,8000,63,1
2010/03/18,63,63,62,62,14000,62,1
2010/03/19,62,63,62,63,5000,63,1
2010/03/23,64,64,63,64,13000,64,1
2010/03/24,64,64,63,64,11000,64,1
2010/03/25,64,65,64,65,8000,65,1
2010/03/26,65,65,62,65,22000,65,1
2010/03/29,60,61,60,61,21000,61,1
2010/03/30,62,64,62,63,14000,63,1
2010/03/31,63,63,63,63,2000,63,1
2010/04/01,62,62,61,62,5000,62,1
2010/04/02,63,63,63,63,3000,63,1
2010/04/05,63,63,63,63,6000,63,1
2010/04/06,63,63,62,62,3000,62,1
2010/04/07,63,63,63,63,5000,63,1
2010/04/09,63,63,63,63,4000,63,1
2010/04/12,63,64,63,64,10000,64,1
2010/04/13,65,68,64,67,40000,67,1
2010/04/14,67,68,66,67,27000,67,1
2010/04/15,68,69,67,68,30000,68,1
2010/04/16,70,73,68,70,34000,70,1
2010/04/19,68,68,66,66,10000,66,1
2010/04/20,70,70,69,69,5000,69,1
2010/04/21,69,70,69,70,10000,70,1
2010/04/23,68,69,68,69,6000,69,1
2010/04/26,69,70,66,69,15000,69,1
2010/04/27,70,70,69,69,5000,69,1
2010/04/28,68,68,67,67,5000,67,1
2010/04/30,67,68,67,68,3000,68,1
2010/05/06,67,67,66,66,8000,66,1
2010/05/07,64,65,62,64,23000,64,1
2010/05/10,62,64,62,64,12000,64,1
2010/05/11,66,66,66,66,1000,66,1
2010/05/12,65,66,65,66,4000,66,1
2010/05/14,64,64,63,64,8000,64,1
2010/05/17,62,62,61,61,13000,61,1
2010/05/18,60,60,58,58,16000,58,1
2010/05/19,56,58,56,58,9000,58,1
2010/05/20,59,59,58,59,9000,59,1
2010/05/21,56,57,55,56,13000,56,1
2010/05/24,57,57,56,56,5000,56,1
2010/05/25,55,55,53,53,5000,53,1
2010/05/26,55,55,51,51,10000,51,1
2010/05/27,52,55,52,55,5000,55,1
2010/05/28,57,58,56,57,18000,57,1
2010/05/31,56,58,56,58,2000,58,1
2010/06/01,57,57,57,57,1000,57,1
2010/06/02,57,57,56,56,5000,56,1
2010/06/03,57,57,57,57,9000,57,1
2010/06/04,57,57,57,57,1000,57,1
2010/06/07,55,55,54,54,12000,54,1
2010/06/08,54,55,54,55,7000,55,1
2010/06/09,55,55,54,54,14000,54,1
2010/06/10,53,56,51,56,31000,56,1
2010/06/11,54,54,54,54,2000,54,1
2010/06/14,53,54,53,54,6000,54,1
2010/06/15,55,55,55,55,1000,55,1
2010/06/16,55,55,53,53,26000,53,1
2010/06/17,55,57,55,57,4000,57,1
2010/06/22,57,57,54,55,5000,55,1
2010/06/24,55,55,54,54,5000,54,1
2010/06/25,55,55,55,55,7000,55,1
2010/06/28,56,56,55,55,4000,55,1
2010/06/29,55,55,55,55,12000,55,1
2010/06/30,53,53,52,53,5000,53,1
2010/07/01,53,53,53,53,1000,53,1
2010/07/05,54,55,54,55,2000,55,1
2010/07/06,55,55,55,55,1000,55,1
2010/07/07,55,55,55,55,5000,55,1
2010/07/08,56,56,55,55,8000,55,1
2010/07/09,56,60,56,60,12000,60,1
2010/07/12,56,56,54,55,17000,55,1
2010/07/13,55,55,55,55,3000,55,1
2010/07/14,55,55,55,55,1000,55,1
2010/07/15,56,56,56,56,3000,56,1
2010/07/16,55,55,55,55,1000,55,1
2010/07/20,55,55,54,55,11000,55,1
2010/07/21,56,56,56,56,1000,56,1
2010/07/22,55,55,55,55,6000,55,1
2010/07/23,59,59,59,59,2000,59,1
2010/07/26,63,63,63,63,4000,63,1
2010/07/27,60,60,60,60,1000,60,1
2010/07/28,58,58,58,58,1000,58,1
2010/07/29,60,60,60,60,1000,60,1
2010/07/30,59,59,57,57,4000,57,1
2010/08/02,56,57,56,57,3000,57,1
2010/08/03,57,59,57,59,2000,59,1
2010/08/04,60,60,60,60,1000,60,1
2010/08/06,59,60,59,60,4000,60,1
2010/08/09,60,61,60,61,4000,61,1
2010/08/10,58,60,55,55,14000,55,1
2010/08/11,56,57,56,57,6000,57,1
2010/08/12,56,56,56,56,1000,56,1
2010/08/16,57,60,57,57,5000,57,1
2010/08/18,57,57,57,57,1000,57,1
2010/08/23,60,60,60,60,1000,60,1
2010/08/24,56,57,56,57,3000,57,1
2010/08/25,59,59,59,59,2000,59,1
2010/08/26,58,58,58,58,5000,58,1
2010/08/27,57,58,56,58,6000,58,1
2010/08/31,56,56,56,56,1000,56,1
2010/09/02,56,56,56,56,1000,56,1
2010/09/03,56,56,55,55,2000,55,1
2010/09/06,56,58,56,58,6000,58,1
2010/09/07,58,58,58,58,1000,58,1
2010/09/08,57,58,57,58,2000,58,1
2010/09/09,58,59,58,59,3000,59,1
2010/09/10,56,57,56,56,9000,56,1
2010/09/13,57,57,57,57,11000,57,1
2010/09/14,56,57,56,57,4000,57,1
2010/09/15,56,56,56,56,1000,56,1
2010/09/16,57,57,57,57,2000,57,1
2010/09/17,57,58,57,58,2000,58,1
2010/09/21,57,57,57,57,1000,57,1
2010/09/22,58,65,58,59,44000,59,1
2010/09/24,62,62,61,61,3000,61,1
2010/09/27,62,78,58,58,376000,58,1
2010/09/28,58,59,56,59,44000,59,1
2010/09/29,59,61,57,61,20000,61,1
2010/09/30,59,59,59,59,8000,59,1
2010/10/01,61,61,59,59,5000,59,1
2010/10/04,59,61,59,61,5000,61,1
2010/10/05,59,59,59,59,4000,59,1
2010/10/06,59,60,59,60,5000,60,1
2010/10/07,59,59,59,59,6000,59,1
2010/10/08,59,59,59,59,3000,59,1
2010/10/12,57,57,57,57,7000,57,1
2010/10/13,56,59,56,57,11000,57,1
2010/10/14,55,58,55,56,20000,56,1
2010/10/15,57,60,57,60,9000,60,1
2010/10/19,56,58,56,57,8000,57,1
2010/10/20,56,56,56,56,9000,56,1
2010/10/21,57,57,56,56,3000,56,1
2010/10/22,56,56,52,52,14000,52,1
2010/10/25,55,58,53,56,10000,56,1
2010/10/26,57,57,53,53,33000,53,1
2010/10/27,55,57,54,54,11000,54,1
2010/10/28,56,57,55,55,9000,55,1
2010/10/29,56,57,56,56,17000,56,1
2010/11/01,55,57,54,54,12000,54,1
2010/11/02,55,55,55,55,6000,55,1
2010/11/04,56,57,56,57,6000,57,1
2010/11/05,58,58,58,58,10000,58,1
2010/11/08,58,58,57,58,9000,58,1
2010/11/09,59,60,57,59,8000,59,1
2010/11/10,58,60,58,60,16000,60,1
2010/11/11,60,60,59,59,3000,59,1
2010/11/12,60,63,60,61,102000,61,1
2010/11/15,61,61,56,57,69000,57,1
2010/11/16,58,58,54,56,65000,56,1
2010/11/17,56,57,56,57,35000,57,1
2010/11/18,57,57,56,57,13000,57,1
2010/11/19,57,58,56,57,11000,57,1
2010/11/22,56,58,56,58,2000,58,1
2010/11/24,56,58,56,58,2000,58,1
2010/11/25,57,58,57,57,8000,57,1
2010/11/26,57,58,57,57,32000,57,1
2010/11/29,58,59,57,57,3000,57,1
2010/11/30,56,58,56,58,6000,58,1
2010/12/01,58,58,57,57,16000,57,1
2010/12/02,60,60,59,59,14000,59,1
2010/12/03,60,60,59,60,5000,60,1
2010/12/06,60,60,58,58,15000,58,1
2010/12/07,59,59,58,58,20000,58,1
2010/12/08,58,59,57,58,12000,58,1
2010/12/09,57,60,57,60,36000,60,1
2010/12/10,59,60,58,60,17000,60,1
2010/12/13,60,60,59,59,18000,59,1
2010/12/14,59,61,59,61,7000,61,1
2010/12/15,61,61,60,60,29000,60,1
2010/12/16,60,63,60,62,35000,62,1
2010/12/17,63,65,60,65,23000,65,1
2010/12/20,65,67,63,65,60000,65,1
2010/12/21,65,66,65,65,60000,65,1
2010/12/22,65,65,62,65,60000,65,1
2010/12/24,65,65,63,64,36000,64,1
2010/12/27,65,65,64,64,19000,64,1
2010/12/28,64,64,64,64,15000,64,1
2010/12/29,64,64,64,64,8000,64,1
2010/12/30,64,65,64,65,5000,65,1
2011/01/04,66,67,65,66,15000,66,1
2011/01/05,66,66,65,66,12000,66,1
2011/01/06,65,66,65,65,9000,65,1
2011/01/07,66,66,65,65,8000,65,1
2011/01/11,64,66,64,65,25000,65,1
2011/01/12,65,67,65,66,29000,66,1
2011/01/13,65,66,64,66,30000,66,1
2011/01/14,65,65,64,65,16000,65,1
2011/01/17,66,67,66,67,4000,67,1
2011/01/18,67,67,65,67,21000,67,1
2011/01/19,66,67,66,67,13000,67,1
2011/01/20,66,66,65,66,22000,66,1
2011/01/21,65,66,64,64,20000,64,1
2011/01/24,64,65,64,65,32000,65,1
2011/01/25,65,66,64,65,20000,65,1
2011/01/26,65,66,65,65,25000,65,1
2011/01/27,65,66,65,66,16000,66,1
2011/01/28,65,65,65,65,23000,65,1
2011/01/31,66,71,65,68,74000,68,1
2011/02/01,67,72,67,71,67000,71,1
2011/02/02,70,76,70,75,202000,75,1
2011/02/03,74,76,72,74,210000,74,1
2011/02/04,74,80,74,78,256000,78,1
2011/02/07,80,82,79,82,129000,82,1
2011/02/08,81,85,80,85,181000,85,1
2011/02/09,86,86,76,80,239000,80,1
2011/02/10,77,80,74,75,164000,75,1
2011/02/14,75,78,74,75,151000,75,1
2011/02/15,74,75,74,74,48000,74,1
2011/02/16,75,76,73,76,35000,76,1
2011/02/17,77,78,77,78,25000,78,1
2011/02/18,78,78,74,77,57000,77,1
2011/02/21,77,77,75,77,46000,77,1
2011/02/22,76,76,75,75,22000,75,1
2011/02/23,75,91,75,86,352000,86,1
2011/02/24,86,100,84,99,377000,99,1
2011/02/25,104,118,100,107,444000,107,1
2011/02/28,111,127,107,111,574000,111,1
2011/03/01,110,119,106,116,193000,116,1
2011/03/02,125,134,120,128,413000,128,1
2011/03/03,127,142,125,142,202000,142,1
2011/03/04,147,156,138,141,291000,141,1
2011/03/07,135,191,135,191,455000,191,1
2011/03/08,191,200,170,171,849000,171,1
2011/03/09,171,186,165,170,166000,170,1
2011/03/10,166,166,151,155,132000,155,1
2011/03/11,155,161,150,151,44000,151,1
2011/03/14,101,103,101,101,183000,101,1
2011/03/15,76,78,55,68,765000,68,1
2011/03/16,75,78,69,74,359000,74,1
2011/03/17,73,77,69,75,136000,75,1
2011/03/18,80,100,77,92,318000,92,1
2011/03/22,117,122,110,119,415000,119,1
2011/03/23,121,122,110,116,185000,116,1
2011/03/24,115,116,103,103,124000,103,1
2011/03/25,106,110,105,105,71000,105,1
2011/03/28,109,109,82,90,267000,90,1
2011/03/29,87,102,87,99,82000,99,1
2011/03/30,95,97,93,93,24000,93,1
2011/03/31,94,97,93,94,20000,94,1
2011/04/01,95,97,91,93,34000,93,1
2011/04/04,91,91,87,88,61000,88,1
2011/04/05,88,89,83,83,61000,83,1
2011/04/06,81,83,77,83,115000,83,1
2011/04/07,83,87,82,83,31000,83,1
2011/04/08,82,88,82,87,37000,87,1
2011/04/11,85,101,85,92,132000,92,1
2011/04/12,94,94,87,87,67000,87,1
2011/04/13,86,89,83,83,38000,83,1
2011/04/14,84,87,84,87,14000,87,1
2011/04/15,86,86,85,86,15000,86,1
2011/04/18,86,86,81,84,34000,84,1
2011/04/19,84,87,83,87,16000,87,1
2011/04/20,87,91,86,88,35000,88,1
2011/04/21,90,108,90,103,433000,103,1
2011/04/22,102,130,100,110,695000,110,1
2011/04/25,118,128,115,120,307000,120,1
2011/04/26,118,119,108,108,98000,108,1
2011/04/27,105,106,97,100,53000,100,1
2011/04/28,98,100,95,99,42000,99,1
2011/05/02,98,107,98,107,16000,107,1
2011/05/06,105,105,101,103,12000,103,1
2011/05/09,106,109,105,105,16000,105,1
2011/05/10,103,107,103,105,10000,105,1
2011/05/11,104,104,104,104,5000,104,1
2011/05/12,101,101,96,97,184000,97,1
2011/05/13,97,97,90,90,45000,90,1
2011/05/16,90,92,88,89,41000,89,1
2011/05/17,88,92,88,91,22000,91,1
2011/05/18,93,95,93,95,8000,95,1
2011/05/20,96,96,87,87,24000,87,1
2011/05/23,90,93,88,90,11000,90,1
2011/05/25,90,90,85,86,12000,86,1
2011/05/26,87,95,87,91,27000,91,1
2011/05/27,90,93,90,93,9000,93,1
2011/05/30,92,94,91,92,4000,92,1
2011/05/31,92,95,92,95,6000,95,1
2011/06/01,95,98,95,98,9000,98,1
2011/06/02,98,99,91,98,36000,98,1
2011/06/03,95,95,95,95,2000,95,1
2011/06/07,94,94,91,93,4000,93,1
2011/06/08,90,90,90,90,7000,90,1
2011/06/09,92,92,90,90,22000,90,1
2011/06/10,88,94,87,89,23000,89,1
2011/06/13,88,88,88,88,10000,88,1
2011/06/14,88,89,88,89,2000,89,1
2011/06/15,88,90,87,88,11000,88,1
2011/06/16,86,87,86,87,6000,87,1
2011/06/17,83,85,83,85,24000,85,1
2011/06/20,86,86,86,86,6000,86,1
2011/06/21,85,89,85,89,17000,89,1
2011/06/22,86,88,86,87,15000,87,1
2011/06/23,87,87,85,86,13000,86,1
2011/06/24,88,89,86,86,10000,86,1
2011/06/27,91,105,86,88,86000,88,1
2011/06/28,89,89,88,88,8000,88,1
2011/06/29,83,85,80,82,114000,82,1
2011/06/30,83,85,83,85,29000,85,1
2011/07/01,86,86,84,85,18000,85,1
2011/07/04,85,85,81,83,59000,83,1
2011/07/05,83,83,82,82,38000,82,1
2011/07/06,84,87,83,83,44000,83,1
2011/07/07,84,86,84,86,17000,86,1
2011/07/08,85,87,85,86,23000,86,1
2011/07/11,86,86,84,84,10000,84,1
2011/07/12,84,84,82,83,29000,83,1
2011/07/13,84,84,83,83,4000,83,1
2011/07/14,83,83,83,83,5000,83,1
2011/07/15,82,85,82,85,8000,85,1
2011/07/19,83,84,83,83,3000,83,1
2011/07/20,82,83,82,83,23000,83,1
2011/07/21,83,83,82,83,6000,83,1
2011/07/22,83,83,82,82,10000,82,1
2011/07/25,85,89,82,83,60000,83,1
2011/07/26,86,86,84,84,11000,84,1
2011/07/27,83,83,83,83,2000,83,1
2011/07/28,83,83,80,81,37000,81,1
2011/07/29,81,82,81,81,14000,81,1
2011/08/01,80,80,78,80,20000,80,1
2011/08/02,80,80,77,78,17000,78,1
2011/08/03,76,76,72,73,57000,73,1
2011/08/04,74,75,74,75,12000,75,1
2011/08/05,70,71,69,71,45000,71,1
2011/08/08,71,71,69,69,34000,69,1
2011/08/09,68,69,66,69,41000,69,1
2011/08/10,69,74,69,74,18000,74,1
2011/08/11,72,72,70,72,9000,72,1
2011/08/12,75,75,74,74,7000,74,1
2011/08/15,71,72,71,71,11000,71,1
2011/08/16,72,74,72,72,17000,72,1
2011/08/17,72,72,72,72,2000,72,1
2011/08/18,72,72,70,70,12000,70,1
2011/08/19,70,70,69,69,17000,69,1
2011/08/22,68,69,65,65,38000,65,1
2011/08/23,66,66,66,66,2000,66,1
2011/08/24,68,68,67,67,6000,67,1
2011/08/25,70,70,67,69,18000,69,1
2011/08/26,70,71,70,71,10000,71,1
2011/08/29,71,71,71,71,1000,71,1
2011/08/30,70,70,70,70,5000,70,1
2011/08/31,70,71,70,71,5000,71,1
2011/09/02,71,71,69,70,18000,70,1
2011/09/05,70,70,69,69,5000,69,1
2011/09/06,69,69,67,67,10000,67,1
2011/09/07,67,67,67,67,15000,67,1
2011/09/08,67,68,67,68,2000,68,1
2011/09/09,66,74,64,66,208000,66,1
2011/09/12,66,71,66,70,138000,70,1
2011/09/13,69,71,68,71,33000,71,1
2011/09/14,72,75,72,75,107000,75,1
2011/09/15,73,74,72,72,17000,72,1
2011/09/16,72,72,69,69,50000,69,1
2011/09/20,69,69,68,68,6000,68,1
2011/09/21,69,70,69,69,7000,69,1
2011/09/22,71,72,69,69,17000,69,1
2011/09/26,70,70,64,64,38000,64,1
2011/09/27,65,66,65,66,11000,66,1
2011/09/28,65,66,64,64,6000,64,1
2011/09/29,65,65,64,65,7000,65,1
2011/09/30,65,65,64,65,19000,65,1
2011/10/03,65,66,64,66,9000,66,1
2011/10/04,66,66,66,66,1000,66,1
2011/10/05,65,66,64,64,7000,64,1
2011/10/06,65,65,64,64,11000,64,1
2011/10/07,65,65,65,65,4000,65,1
2011/10/11,66,68,66,67,16000,67,1
2011/10/12,67,67,67,67,5000,67,1
2011/10/13,67,67,67,67,1000,67,1
2011/10/14,68,68,65,66,6000,66,1
2011/10/17,68,68,65,68,8000,68,1
2011/10/18,67,67,67,67,1000,67,1
2011/10/19,66,73,66,72,73000,72,1
2011/10/20,70,70,66,68,35000,68,1
2011/10/21,70,70,66,66,36000,66,1
2011/10/24,66,67,66,67,6000,67,1
2011/10/25,69,69,68,69,12000,69,1
2011/10/26,69,69,65,66,61000,66,1
2011/10/27,66,67,66,67,17000,67,1
2011/10/28,67,67,64,66,62000,66,1
2011/10/31,66,67,66,67,9000,67,1
2011/11/01,66,67,66,67,13000,67,1
2011/11/02,66,66,66,66,3000,66,1
2011/11/04,67,67,67,67,10000,67,1
2011/11/07,67,67,67,67,4000,67,1
2011/11/08,67,67,66,66,10000,66,1
2011/11/09,66,66,65,65,19000,65,1
2011/11/10,64,65,63,65,24000,65,1
2011/11/11,65,65,65,65,1000,65,1
2011/11/14,63,64,63,64,10000,64,1
2011/11/15,65,65,63,63,7000,63,1
2011/11/16,63,63,63,63,14000,63,1
2011/11/17,62,62,60,62,22000,62,1
2011/11/18,61,61,61,61,3000,61,1
2011/11/21,62,63,61,61,7000,61,1
2011/11/22,61,61,60,60,9000,60,1
2011/11/24,60,61,59,61,22000,61,1
2011/11/25,64,64,61,61,15000,61,1
2011/11/28,63,63,60,60,8000,60,1
2011/11/29,61,65,61,63,20000,63,1
2011/11/30,63,63,62,62,2000,62,1
2011/12/01,64,64,63,63,3000,63,1
2011/12/02,64,67,64,65,72000,65,1
2011/12/05,66,73,66,68,118000,68,1
2011/12/06,71,71,62,64,121000,64,1
2011/12/07,65,65,64,65,25000,65,1
2011/12/08,65,67,65,67,26000,67,1
2011/12/09,65,66,65,66,9000,66,1
2011/12/12,66,66,65,66,9000,66,1
2011/12/13,66,67,65,65,9000,65,1
2011/12/14,65,65,65,65,6000,65,1
2011/12/16,65,65,65,65,2000,65,1
2011/12/19,64,64,64,64,4000,64,1
2011/12/20,64,64,64,64,1000,64,1
2011/12/21,66,66,65,65,2000,65,1
2011/12/22,67,67,65,65,13000,65,1
2011/12/26,67,67,66,66,8000,66,1
2011/12/27,66,66,64,65,6000,65,1
2011/12/29,66,66,64,65,19000,65,1
2011/12/30,66,66,66,66,1000,66,1
2012/01/04,66,66,65,65,15000,65,1
2012/01/05,67,67,66,66,5000,66,1
2012/01/06,66,66,65,66,4000,66,1
2012/01/10,65,66,65,66,6000,66,1
2012/01/11,66,67,66,67,8000,67,1
2012/01/12,68,68,67,67,15000,67,1
2012/01/13,69,72,69,71,53000,71,1
2012/01/16,72,85,72,76,252000,76,1
2012/01/17,81,81,77,77,45000,77,1
2012/01/18,77,77,76,76,15000,76,1
2012/01/19,77,80,77,78,8000,78,1
2012/01/20,79,82,78,78,22000,78,1
2012/01/23,82,82,82,82,3000,82,1
2012/01/24,82,82,79,82,18000,82,1
2012/01/25,84,84,80,80,12000,80,1
2012/01/26,82,82,80,80,23000,80,1
2012/01/27,79,80,79,80,3000,80,1
2012/01/30,82,84,82,83,13000,83,1
2012/01/31,83,83,83,83,13000,83,1
2012/02/01,83,83,78,81,16000,81,1
2012/02/02,80,80,79,79,5000,79,1
2012/02/03,79,79,79,79,1000,79,1
2012/02/06,80,80,77,80,16000,80,1
2012/02/07,80,80,78,80,4000,80,1
2012/02/08,80,80,80,80,5000,80,1
2012/02/10,80,80,79,79,2000,79,1
2012/02/13,79,81,76,78,39000,78,1
2012/02/14,102,108,102,108,245000,108,1
2012/02/15,103,143,96,96,1796000,96,1
2012/02/16,100,114,95,98,527000,98,1
2012/02/17,106,107,97,101,348000,101,1
2012/02/20,103,103,98,100,158000,100,1
2012/02/21,101,101,98,101,90000,101,1
2012/02/22,100,100,94,96,138000,96,1
2012/02/23,99,114,95,101,729000,101,1
2012/02/24,101,104,95,98,126000,98,1
2012/02/27,99,99,97,99,81000,99,1
2012/02/28,98,107,97,103,411000,103,1
2012/02/29,108,149,105,128,6362000,128,1
2012/03/01,116,117,103,106,811000,106,1
2012/03/02,104,110,101,106,350000,106,1
2012/03/05,104,107,104,106,86000,106,1
2012/03/06,107,129,106,113,1530000,113,1
2012/03/07,110,112,108,109,117000,109,1
2012/03/08,124,130,116,121,710000,121,1
2012/03/09,121,121,113,119,216000,119,1
2012/03/12,118,119,116,117,88000,117,1
2012/03/13,117,117,112,115,117000,115,1
2012/03/14,115,115,111,114,99000,114,1
2012/03/15,113,118,111,117,94000,117,1
2012/03/16,116,116,112,113,61000,113,1
2012/03/19,113,113,109,112,78000,112,1
2012/03/21,92,96,89,94,1179000,94,1
2012/03/22,93,93,89,91,248000,91,1
2012/03/23,94,95,92,94,127000,94,1
2012/03/26,93,94,89,90,116000,90,1
2012/03/27,92,92,89,92,60000,92,1
2012/03/28,89,91,89,90,39000,90,1
2012/03/29,91,95,90,93,122000,93,1
2012/03/30,91,93,90,93,60000,93,1
2012/04/02,93,93,91,93,62000,93,1
2012/04/03,93,93,91,92,56000,92,1
2012/04/04,92,92,91,92,42000,92,1
2012/04/05,91,91,90,90,28000,90,1
2012/04/06,91,93,91,93,30000,93,1
2012/04/09,93,95,93,94,51000,94,1
2012/04/10,96,98,91,92,142000,92,1
2012/04/11,90,93,90,91,48000,91,1
2012/04/12,92,93,92,93,8000,93,1
2012/04/13,92,93,91,91,28000,91,1
2012/04/16,92,96,91,95,218000,95,1
2012/04/17,94,96,91,91,94000,91,1
2012/04/18,92,103,92,97,764000,97,1
2012/04/19,100,107,96,96,382000,96,1
2012/04/20,97,97,94,96,80000,96,1
2012/04/23,96,98,94,94,67000,94,1
2012/04/24,94,94,93,94,35000,94,1
2012/04/25,95,95,94,95,17000,95,1
2012/04/26,95,95,94,94,16000,94,1
2012/04/27,93,93,91,91,89000,91,1
2012/05/01,90,96,90,93,115000,93,1
2012/05/02,93,93,92,93,43000,93,1
2012/05/07,91,92,90,91,46000,91,1
2012/05/08,91,92,89,92,27000,92,1
2012/05/09,90,90,84,86,139000,86,1
2012/05/10,84,91,84,88,32000,88,1
2012/05/11,90,90,85,89,25000,89,1
2012/05/14,88,89,86,88,67000,88,1
2012/05/15,73,78,67,74,287000,74,1
2012/05/16,76,76,69,70,77000,70,1
2012/05/17,70,71,68,71,79000,71,1
2012/05/18,70,70,69,69,34000,69,1
2012/05/21,69,72,69,72,22000,72,1
2012/05/22,73,75,72,72,25000,72,1
2012/05/23,74,74,73,73,11000,73,1
2012/05/24,73,77,71,72,55000,72,1
2012/05/25,74,74,72,72,34000,72,1
2012/05/28,75,78,74,74,42000,74,1
2012/05/29,76,76,73,73,10000,73,1
2012/05/30,74,74,74,74,6000,74,1
2012/05/31,72,74,72,74,6000,74,1
2012/06/01,72,75,72,75,16000,75,1
2012/06/04,70,72,67,69,57000,69,1
2012/06/05,68,70,68,70,21000,70,1
2012/06/06,70,71,69,69,18000,69,1
2012/06/07,70,71,70,71,14000,71,1
2012/06/08,72,72,71,72,9000,72,1
2012/06/11,72,74,72,73,16000,73,1
2012/06/12,74,74,74,74,2000,74,1
2012/06/13,73,73,70,72,69000,72,1
2012/06/14,70,71,70,70,13000,70,1
2012/06/15,70,71,70,71,18000,71,1
2012/06/18,72,72,70,72,20000,72,1
2012/06/19,71,74,71,74,20000,74,1
2012/06/20,74,77,70,77,91000,77,1
2012/06/21,77,79,76,79,24000,79,1
2012/06/22,77,77,75,77,16000,77,1
2012/06/25,78,79,75,77,25000,77,1
2012/06/26,77,77,73,76,23000,76,1
2012/06/27,74,75,74,75,6000,75,1
2012/06/28,75,75,73,75,16000,75,1
2012/06/29,75,75,74,75,10000,75,1
2012/07/02,76,77,75,75,21000,75,1
2012/07/03,75,77,74,76,26000,76,1
2012/07/04,75,76,75,76,9000,76,1
2012/07/05,77,77,73,73,56000,73,1
2012/07/06,73,76,73,75,30000,75,1
2012/07/09,75,75,74,74,8000,74,1
2012/07/10,73,73,72,72,27000,72,1
2012/07/11,73,75,71,75,47000,75,1
2012/07/12,76,76,73,73,19000,73,1
2012/07/13,73,73,72,73,6000,73,1
2012/07/17,71,73,71,73,6000,73,1
2012/07/18,72,72,70,70,10000,70,1
2012/07/19,70,72,70,71,8000,71,1
2012/07/20,71,71,70,70,21000,70,1
2012/07/23,70,71,70,70,26000,70,1
2012/07/24,70,72,70,72,24000,72,1
2012/07/25,70,73,70,71,40000,71,1
2012/07/26,71,74,71,72,17000,72,1
2012/07/27,74,75,71,74,30000,74,1
2012/07/30,74,75,73,74,18000,74,1
2012/07/31,75,77,75,76,12000,76,1
2012/08/01,77,77,75,75,20000,75,1
2012/08/02,75,75,75,75,7000,75,1
2012/08/03,75,76,75,75,6000,75,1
2012/08/06,75,76,73,73,52000,73,1
2012/08/07,74,76,73,76,17000,76,1
2012/08/08,76,76,75,76,10000,76,1
2012/08/09,76,78,76,77,43000,77,1
2012/08/10,76,80,76,80,41000,80,1
2012/08/13,80,82,76,82,24000,82,1
2012/08/14,82,86,81,85,41000,85,1
2012/08/15,81,82,79,80,65000,80,1
2012/08/16,88,94,80,80,413000,80,1
2012/08/17,80,81,78,78,44000,78,1
2012/08/20,78,80,77,78,27000,78,1
2012/08/21,78,78,76,77,40000,77,1
2012/08/22,77,80,77,79,32000,79,1
2012/08/23,79,80,78,80,14000,80,1
2012/08/24,80,80,78,78,9000,78,1
2012/08/27,78,80,78,80,8000,80,1
2012/08/28,76,78,76,77,44000,77,1
2012/08/29,76,77,76,76,27000,76,1
2012/08/30,77,77,76,77,16000,77,1
2012/08/31,78,80,76,76,39000,76,1
2012/09/03,76,77,74,74,54000,74,1
2012/09/04,75,75,75,75,10000,75,1
2012/09/05,74,75,73,73,25000,73,1
2012/09/06,73,74,72,73,80000,73,1
2012/09/07,72,73,71,73,53000,73,1
2012/09/10,73,74,72,73,9000,73,1
2012/09/11,73,73,73,73,3000,73,1
2012/09/12,73,74,73,74,6000,74,1
2012/09/13,73,74,73,73,14000,73,1
2012/09/14,73,75,73,74,25000,74,1
2012/09/18,74,74,73,74,12000,74,1
2012/09/19,74,75,74,75,15000,75,1
2012/09/20,74,74,71,73,40000,73,1
2012/09/21,73,73,71,73,25000,73,1
2012/09/24,73,75,72,75,50000,75,1
2012/09/25,74,74,73,74,21000,74,1
2012/09/26,74,79,72,78,104000,78,1
2012/09/27,78,78,75,76,11000,76,1
2012/09/28,76,77,76,77,3000,77,1
2012/10/01,77,77,75,76,7000,76,1
2012/10/02,77,77,76,76,4000,76,1
2012/10/03,77,77,76,76,10000,76,1
2012/10/04,77,77,76,76,15000,76,1
2012/10/05,78,78,76,76,44000,76,1
2012/10/09,76,76,75,75,18000,75,1
2012/10/10,74,77,74,76,10000,76,1
2012/10/11,76,76,75,75,38000,75,1
2012/10/12,76,76,75,75,15000,75,1
2012/10/15,75,77,75,76,15000,76,1
2012/10/16,76,77,76,77,6000,77,1
2012/10/17,78,78,76,76,8000,76,1
2012/10/18,76,77,76,76,9000,76,1
2012/10/19,76,77,76,77,17000,77,1
2012/10/22,77,77,76,77,6000,77,1
2012/10/23,77,78,77,77,16000,77,1
2012/10/24,77,77,77,77,6000,77,1
2012/10/25,78,80,77,79,50000,79,1
2012/10/26,78,80,78,78,17000,78,1
2012/10/29,80,80,77,79,40000,79,1
2012/10/30,79,83,78,80,103000,80,1
2012/10/31,80,81,80,80,34000,80,1
2012/11/01,79,79,77,78,36000,78,1
2012/11/02,78,79,77,79,9000,79,1
2012/11/05,78,81,78,81,39000,81,1
2012/11/06,81,82,79,81,15000,81,1
2012/11/07,81,81,79,81,16000,81,1
2012/11/08,80,80,79,80,18000,80,1
2012/11/09,79,79,79,79,7000,79,1
2012/11/12,80,80,79,80,6000,80,1
2012/11/13,79,79,77,77,42000,77,1
2012/11/14,76,76,74,75,38000,75,1
2012/11/15,76,77,76,77,6000,77,1
2012/11/16,77,77,76,76,11000,76,1
2012/11/19,77,77,76,77,11000,77,1
2012/11/20,77,78,77,78,15000,78,1
2012/11/21,78,78,78,78,3000,78,1
2012/11/22,78,78,76,77,24000,77,1
2012/11/26,79,79,77,77,14000,77,1
2012/11/27,77,77,74,76,23000,76,1
2012/11/28,76,78,76,78,11000,78,1
2012/11/29,78,78,77,78,7000,78,1
2012/11/30,78,79,78,79,14000,79,1
2012/12/03,79,79,73,78,68000,78,1
2012/12/04,78,78,77,78,11000,78,1
2012/12/05,77,77,76,77,19000,77,1
2012/12/06,78,78,77,77,5000,77,1
2012/12/07,77,77,77,77,7000,77,1
2012/12/10,78,78,76,78,8000,78,1
2012/12/11,76,77,76,77,8000,77,1
2012/12/12,77,77,76,76,9000,76,1
2012/12/13,76,76,76,76,31000,76,1
2012/12/14,77,79,76,77,38000,77,1
2012/12/17,79,79,78,78,20000,78,1
2012/12/18,77,77,76,76,29000,76,1
2012/12/19,76,77,76,76,24000,76,1
2012/12/20,77,77,76,77,60000,77,1
2012/12/21,78,78,76,76,31000,76,1
2012/12/25,78,78,76,77,24000,77,1
2012/12/26,77,78,76,78,60000,78,1
2012/12/27,78,78,77,77,50000,77,1
2012/12/28,78,79,77,78,42000,78,1
2013/01/04,79,82,79,81,90000,81,1
2013/01/07,81,85,81,83,112000,83,1
2013/01/08,83,85,83,84,64000,84,1
2013/01/09,84,84,83,83,52000,83,1
2013/01/10,85,90,85,90,89000,90,1
2013/01/11,92,95,91,93,122000,93,1
2013/01/15,95,98,94,98,100000,98,1
2013/01/16,100,100,91,92,163000,92,1
2013/01/17,92,94,87,88,85000,88,1
2013/01/18,90,91,89,90,27000,90,1
2013/01/21,91,96,90,94,29000,94,1
2013/01/22,95,95,92,92,28000,92,1
2013/01/23,92,92,89,90,57000,90,1
2013/01/24,90,91,88,90,44000,90,1
2013/01/25,92,94,91,94,39000,94,1
2013/01/28,95,95,94,94,44000,94,1
2013/01/29,92,94,90,90,43000,90,1
2013/01/30,92,92,92,92,22000,92,1
2013/01/31,90,101,90,98,210000,98,1
2013/02/01,100,100,93,95,208000,95,1
2013/02/04,96,99,95,98,78000,98,1
2013/02/05,98,98,93,96,107000,96,1
2013/02/06,95,96,94,95,57000,95,1
2013/02/07,95,95,93,95,40000,95,1
2013/02/08,95,97,94,96,31000,96,1
2013/02/12,95,95,91,92,129000,92,1
2013/02/13,92,92,87,90,127000,90,1
2013/02/14,88,89,84,89,93000,89,1
2013/02/15,87,87,82,85,64000,85,1
2013/02/18,86,88,85,87,11000,87,1
2013/02/19,89,93,89,91,63000,91,1
2013/02/20,92,92,91,92,15000,92,1
2013/02/21,91,91,90,90,17000,90,1
2013/02/22,90,90,89,90,32000,90,1
2013/02/25,90,94,90,92,39000,92,1
2013/02/26,91,91,90,91,28000,91,1
2013/02/27,91,92,90,92,31000,92,1
2013/02/28,91,92,91,92,23000,92,1
2013/03/01,91,93,91,93,41000,93,1
2013/03/04,93,93,91,92,30000,92,1
2013/03/05,92,92,90,91,61000,91,1
2013/03/06,91,92,90,91,64000,91,1
2013/03/07,91,91,90,91,38000,91,1
2013/03/08,91,91,90,91,29000,91,1
2013/03/11,92,94,92,92,151000,92,1
2013/03/12,93,95,93,94,64000,94,1
2013/03/13,93,93,92,92,21000,92,1
2013/03/14,92,94,92,94,21000,94,1
2013/03/15,94,95,93,94,62000,94,1
2013/03/18,95,95,93,93,44000,93,1
2013/03/19,93,93,92,93,27000,93,1
2013/03/21,93,95,92,93,113000,93,1
2013/03/22,94,94,93,93,55000,93,1
2013/03/25,92,93,92,92,47000,92,1
2013/03/26,92,92,91,92,102000,92,1
2013/03/27,90,91,88,90,73000,90,1
2013/03/28,89,90,88,89,18000,89,1
2013/03/29,88,89,87,88,41000,88,1
2013/04/01,88,88,83,83,44000,83,1
2013/04/02,82,82,80,82,96000,82,1
2013/04/03,83,86,83,86,18000,86,1
2013/04/04,86,89,86,89,41000,89,1
2013/04/05,89,91,88,89,16000,89,1
2013/04/08,90,92,87,91,61000,91,1
2013/04/09,92,93,91,91,66000,91,1
2013/04/10,92,106,92,105,709000,105,1
2013/04/11,105,113,103,103,597000,103,1
2013/04/12,103,108,101,108,174000,108,1
2013/04/15,111,112,108,111,320000,111,1
2013/04/16,108,108,104,107,151000,107,1
2013/04/17,108,109,106,106,62000,106,1
2013/04/18,104,106,100,104,173000,104,1
2013/04/19,105,105,103,104,47000,104,1
2013/04/22,104,106,104,104,40000,104,1
2013/04/23,103,105,103,105,30000,105,1
2013/04/24,105,107,105,105,47000,105,1
2013/04/25,106,108,105,106,132000,106,1
2013/04/26,106,107,103,103,45000,103,1
2013/04/30,102,103,100,102,37000,102,1
2013/05/01,103,104,101,103,12000,103,1
2013/05/02,102,103,100,100,64000,100,1
2013/05/07,101,104,101,104,24000,104,1
2013/05/08,104,104,102,103,65000,103,1
2013/05/09,103,104,102,103,52000,103,1
2013/05/10,103,104,102,103,40000,103,1
2013/05/13,103,111,102,111,297000,111,1
2013/05/14,116,118,110,112,324000,112,1
2013/05/15,112,114,106,107,225000,107,1
2013/05/16,105,105,85,100,222000,100,1
2013/05/17,100,102,100,102,23000,102,1
2013/05/20,105,105,102,103,41000,103,1
2013/05/21,105,105,103,104,66000,104,1
2013/05/22,105,105,103,105,49000,105,1
2013/05/23,105,105,94,100,108000,100,1
2013/05/24,102,102,95,97,24000,97,1
2013/05/27,95,96,95,95,20000,95,1
2013/05/28,94,96,94,94,17000,94,1
2013/05/29,96,98,96,97,21000,97,1
2013/05/30,97,97,94,94,13000,94,1
2013/05/31,96,96,95,95,2000,95,1
2013/06/03,93,93,91,92,17000,92,1
2013/06/04,91,95,90,95,19000,95,1
2013/06/05,95,96,92,93,17000,93,1
2013/06/06,91,94,86,87,45000,87,1
2013/06/07,84,88,82,84,156000,84,1
2013/06/10,84,86,84,86,35000,86,1
2013/06/11,86,87,86,87,27000,87,1
2013/06/12,86,88,86,88,8000,88,1
2013/06/13,86,86,85,86,13000,86,1
2013/06/14,86,88,84,86,24000,86,1
2013/06/17,85,87,85,87,6000,87,1
2013/06/18,86,87,86,86,4000,86,1
2013/06/19,88,89,86,87,13000,87,1
2013/06/20,89,89,89,89,5000,89,1
2013/06/21,85,89,85,86,23000,86,1
2013/06/24,86,86,85,86,31000,86,1
2013/06/25,86,86,82,84,30000,84,1
2013/06/26,86,86,80,80,33000,80,1
2013/06/27,81,81,81,81,10000,81,1
2013/06/28,83,85,82,84,21000,84,1
2013/07/01,84,84,82,84,36000,84,1
2013/07/02,86,86,86,86,4000,86,1
2013/07/03,86,87,85,87,20000,87,1
2013/07/04,87,89,86,86,17000,86,1
2013/07/05,87,89,87,88,13000,88,1
2013/07/08,90,94,87,87,84000,87,1
2013/07/09,88,89,86,88,25000,88,1
2013/07/10,88,89,87,88,14000,88,1
2013/07/11,87,89,87,89,6000,89,1
2013/07/12,90,93,90,92,20000,92,1
2013/07/16,93,93,90,91,6000,91,1
2013/07/17,91,92,91,91,21000,91,1
2013/07/18,93,93,89,90,43000,90,1
2013/07/19,90,90,89,89,8000,89,1
2013/07/22,89,89,88,89,8000,89,1
2013/07/23,89,89,88,88,2000,88,1
2013/07/24,88,88,87,88,7000,88,1
2013/07/25,88,90,88,89,6000,89,1
2013/07/26,88,88,87,87,12000,87,1
2013/07/29,86,87,83,84,22000,84,1
2013/07/30,82,86,82,86,9000,86,1
2013/07/31,85,85,85,85,2000,85,1
2013/08/01,85,85,85,85,5000,85,1
2013/08/02,86,86,85,86,6000,86,1
2013/08/05,87,87,86,86,9000,86,1
2013/08/06,87,87,87,87,1000,87,1
2013/08/07,86,86,85,85,4000,85,1
2013/08/08,87,87,85,85,6000,85,1
2013/08/09,86,86,86,86,7000,86,1
2013/08/12,85,86,85,86,9000,86,1
2013/08/13,86,86,85,85,5000,85,1
2013/08/14,86,86,85,85,11000,85,1
2013/08/15,85,85,84,84,9000,84,1
2013/08/16,84,85,83,84,14000,84,1
2013/08/19,84,84,83,84,11000,84,1
2013/08/20,85,92,85,87,105000,87,1
2013/08/21,86,87,85,86,37000,86,1
2013/08/22,86,87,86,87,6000,87,1
2013/08/23,87,87,86,86,11000,86,1
2013/08/26,87,87,86,87,4000,87,1
2013/08/27,86,86,86,86,1000,86,1
2013/08/28,85,85,83,84,25000,84,1
2013/08/29,83,83,83,83,1000,83,1
2013/08/30,83,83,83,83,1000,83,1
2013/09/02,83,83,81,82,39000,82,1
2013/09/03,78,81,78,80,114000,80,1
2013/09/04,80,82,80,81,35000,81,1
2013/09/05,80,82,80,82,13000,82,1
2013/09/06,82,84,80,81,43000,81,1
2013/09/09,83,83,83,83,8000,83,1
2013/09/10,83,83,81,81,19000,81,1
2013/09/11,82,83,82,83,29000,83,1
2013/09/12,83,83,83,83,8000,83,1
2013/09/13,83,83,83,83,7000,83,1
2013/09/17,84,85,83,85,25000,85,1
2013/09/18,85,85,84,85,37000,85,1
2013/09/19,86,86,86,86,24000,86,1
2013/09/20,86,96,86,95,308000,95,1
2013/09/24,95,99,92,98,186000,98,1
2013/09/25,97,97,92,93,94000,93,1
2013/09/26,88,91,88,90,57000,90,1
2013/09/27,91,93,91,92,14000,92,1
2013/09/30,90,93,90,90,41000,90,1
2013/10/01,91,95,91,95,39000,95,1
2013/10/02,95,95,91,91,30000,91,1
2013/10/03,91,91,90,91,9000,91,1
2013/10/04,91,91,89,89,22000,89,1
2013/10/07,89,89,88,88,31000,88,1
2013/10/08,86,88,86,88,15000,88,1
2013/10/09,86,88,86,87,48000,87,1
2013/10/10,88,90,88,90,10000,90,1
2013/10/11,90,90,88,88,39000,88,1
2013/10/15,90,90,87,89,26000,89,1
2013/10/16,89,89,87,88,9000,88,1
2013/10/17,90,91,89,90,29000,90,1
2013/10/18,91,93,91,93,14000,93,1
2013/10/21,92,94,91,94,40000,94,1
2013/10/22,93,93,93,93,19000,93,1
2013/10/23,93,93,92,92,27000,92,1
2013/10/24,91,95,91,95,26000,95,1
2013/10/25,96,96,95,96,78000,96,1
2013/10/28,96,105,96,97,196000,97,1
2013/10/29,97,100,97,98,49000,98,1
2013/10/30,101,101,96,97,67000,97,1
2013/10/31,96,96,94,94,41000,94,1
2013/11/01,94,94,92,92,59000,92,1
2013/11/05,95,122,95,122,3049000,122,1
2013/11/06,117,127,106,115,1460000,115,1
2013/11/07,111,112,104,106,297000,106,1
2013/11/08,106,107,102,107,111000,107,1
2013/11/11,107,107,98,103,323000,103,1
2013/11/12,100,101,99,100,57000,100,1
2013/11/13,101,101,93,100,251000,100,1
2013/11/14,100,101,99,100,60000,100,1
2013/11/15,101,117,100,104,1352000,104,1
2013/11/18,104,105,101,103,153000,103,1
2013/11/19,103,104,102,104,53000,104,1
2013/11/20,105,106,104,104,107000,104,1
2013/11/21,104,108,104,107,141000,107,1
2013/11/22,111,149,111,125,8605000,125,1
2013/11/25,118,119,113,117,938000,117,1
2013/11/26,116,128,115,120,979000,120,1
2013/11/27,120,122,118,118,259000,118,1
2013/11/28,118,118,113,116,188000,116,1
2013/11/29,120,121,117,120,224000,120,1
2013/12/02,122,122,117,120,142000,120,1
2013/12/03,121,121,118,119,101000,119,1
2013/12/04,118,118,113,114,146000,114,1
2013/12/05,117,117,112,112,92000,112,1
2013/12/06,112,123,112,114,358000,114,1
2013/12/09,116,122,116,122,455000,122,1
2013/12/10,121,122,118,119,196000,119,1
2013/12/11,117,119,116,117,111000,117,1
2013/12/12,116,120,116,118,124000,118,1
2013/12/13,117,118,117,118,36000,118,1
2013/12/16,119,119,113,113,107000,113,1
2013/12/17,117,117,113,114,45000,114,1
2013/12/18,114,115,113,114,47000,114,1
2013/12/19,114,118,114,116,94000,116,1
2013/12/20,115,115,113,114,39000,114,1
2013/12/24,114,115,111,113,37000,113,1
2013/12/25,113,115,112,114,37000,114,1
2013/12/26,116,117,116,117,21000,117,1
2013/12/27,116,123,115,120,219000,120,1
2013/12/30,124,124,118,122,146000,122,1
2014/01/06,120,120,117,119,55000,119,1
2014/01/07,120,121,119,120,19000,120,1
2014/01/08,121,123,120,122,89000,122,1
2014/01/09,121,126,120,126,155000,126,1
2014/01/10,127,134,125,131,351000,131,1
2014/01/14,129,131,126,129,177000,129,1
2014/01/15,131,132,128,129,110000,129,1
2014/01/16,129,134,129,132,97000,132,1
2014/01/17,131,132,130,131,58000,131,1
2014/01/20,131,131,127,129,88000,129,1
2014/01/21,130,131,129,130,54000,130,1
2014/01/22,129,129,126,128,86000,128,1
2014/01/23,128,128,126,127,51000,127,1
2014/01/24,124,126,123,124,59000,124,1
2014/01/27,119,120,115,116,93000,116,1
2014/01/28,116,122,116,122,25000,122,1
2014/01/29,124,125,122,124,13000,124,1
2014/01/30,124,124,120,120,3000,120,1
2014/01/31,121,125,118,118,42000,118,1
2014/02/03,118,118,112,112,101000,112,1
2014/02/04,106,106,97,97,272000,97,1
2014/02/05,103,103,99,101,72000,101,1
2014/02/06,102,116,102,108,84000,108,1
2014/02/07,110,114,110,113,22000,113,1
2014/02/10,116,116,115,115,24000,115,1
2014/02/12,118,118,114,115,29000,115,1
2014/02/13,118,128,114,116,278000,116,1
2014/02/14,115,115,101,108,200000,108,1
2014/02/17,108,108,103,106,56000,106,1
2014/02/18,107,110,106,108,23000,108,1
2014/02/19,109,109,106,107,46000,107,1
2014/02/20,107,108,104,104,31000,104,1
2014/02/21,105,108,105,107,22000,107,1
2014/02/24,108,109,107,109,16000,109,1
2014/02/25,110,113,109,113,30000,113,1
2014/02/26,112,115,112,115,21000,115,1
2014/02/27,115,115,112,113,13000,113,1
2014/02/28,113,114,112,114,9000,114,1
2014/03/03,110,110,107,110,32000,110,1
2014/03/04,109,112,108,112,11000,112,1
2014/03/05,113,113,109,110,13000,110,1
2014/03/06,110,114,110,113,9000,113,1
2014/03/07,115,115,113,114,23000,114,1
2014/03/10,114,115,114,115,5000,115,1
2014/03/11,115,116,115,115,8000,115,1
2014/03/12,114,115,114,114,6000,114,1
2014/03/13,115,115,114,114,9000,114,1
2014/03/14,113,113,105,105,84000,105,1
2014/03/17,105,110,105,110,42000,110,1
2014/03/18,109,112,109,112,13000,112,1
2014/03/19,112,112,106,109,57000,109,1
2014/03/20,107,107,105,107,21000,107,1
2014/03/24,108,109,108,108,11000,108,1
2014/03/25,109,110,106,106,49000,106,1
2014/03/26,107,109,107,108,63000,108,1
2014/03/27,104,105,104,105,52000,105,1
2014/03/28,106,107,104,107,13000,107,1
2014/03/31,107,107,105,106,7000,106,1
2014/04/01,108,108,104,105,28000,105,1
2014/04/02,106,108,106,107,15000,107,1
2014/04/03,107,107,107,107,5000,107,1
2014/04/04,107,107,106,107,4000,107,1
2014/04/07,106,107,105,105,7000,105,1
2014/04/08,104,106,104,106,10000,106,1
2014/04/09,104,105,104,104,8000,104,1
2014/04/10,105,105,104,104,9000,104,1
2014/04/11,103,103,102,102,20000,102,1
2014/04/14,103,103,102,102,2000,102,1
2014/04/15,100,101,100,100,46000,100,1
2014/04/16,101,105,101,102,16000,102,1
2014/04/17,102,104,102,104,9000,104,1
2014/04/18,103,103,102,102,2000,102,1
2014/04/21,103,103,103,103,5000,103,1
2014/04/22,102,103,102,103,3000,103,1
2014/04/23,101,102,101,102,5000,102,1
2014/04/24,102,102,101,102,9000,102,1
2014/04/25,103,103,103,103,3000,103,1
2014/04/28,103,103,101,101,5000,101,1
2014/04/30,101,101,101,101,20000,101,1
2014/05/01,102,103,102,103,3000,103,1
2014/05/08,102,103,101,101,5000,101,1
2014/05/09,101,101,98,99,80000,99,1
2014/05/12,99,99,97,98,40000,98,1
2014/05/13,98,98,96,96,52000,96,1
2014/05/14,95,95,94,94,50000,94,1
2014/05/15,94,95,94,95,12000,95,1
2014/05/16,93,94,91,92,57000,92,1
2014/05/19,93,93,91,91,51000,91,1
2014/05/20,91,92,91,92,11000,92,1
2014/05/21,91,91,91,91,18000,91,1
2014/05/22,91,92,91,92,20000,92,1
2014/05/23,93,93,92,93,22000,93,1
2014/05/26,94,95,94,95,5000,95,1
2014/05/27,95,95,94,95,16000,95,1
2014/05/28,95,96,95,95,8000,95,1
2014/05/29,95,96,95,96,7000,96,1
2014/05/30,97,97,96,96,10000,96,1
2014/06/02,97,100,97,100,12000,100,1
2014/06/03,102,102,100,100,4000,100,1
2014/06/04,99,99,98,99,9000,99,1
2014/06/05,99,99,98,98,5000,98,1
2014/06/06,99,99,98,98,13000,98,1
2014/06/09,99,99,99,99,45000,99,1
2014/06/10,98,99,98,99,5000,99,1
2014/06/11,99,99,98,98,3000,98,1
2014/06/12,98,98,98,98,16000,98,1
2014/06/13,97,98,97,98,9000,98,1
2014/06/16,98,99,98,99,24000,99,1
2014/06/17,98,99,98,99,16000,99,1
2014/06/18,99,100,99,100,14000,100,1
2014/06/19,101,101,96,98,128000,98,1
2014/06/20,98,98,97,98,6000,98,1
2014/06/23,97,98,97,98,11000,98,1
2014/06/24,98,98,97,97,16000,97,1
2014/06/25,98,99,98,98,9000,98,1
2014/06/26,99,99,99,99,2000,99,1
2014/06/27,97,97,95,96,56000,96,1
2014/06/30,96,97,96,97,8000,97,1
2014/07/01,98,99,98,98,9000,98,1
2014/07/02,98,111,98,105,369000,105,1
2014/07/03,105,106,102,103,35000,103,1
2014/07/04,102,105,102,104,32000,104,1
2014/07/07,104,105,103,105,64000,105,1
2014/07/08,106,112,103,105,298000,105,1
2014/07/09,104,106,103,104,73000,104,1
2014/07/10,104,104,101,102,31000,102,1
2014/07/11,100,101,100,101,89000,101,1
2014/07/14,101,102,99,101,42000,101,1
2014/07/15,101,102,101,102,13000,102,1
2014/07/16,102,103,102,103,4000,103,1
2014/07/17,103,103,101,101,7000,101,1
2014/07/18,100,100,99,100,56000,100,1
2014/07/22,101,102,100,102,19000,102,1
2014/07/23,103,103,102,102,11000,102,1
2014/07/24,101,106,100,103,114000,103,1
2014/07/25,105,108,103,106,270000,106,1
2014/07/28,106,110,104,108,486000,108,1
2014/07/29,113,121,109,111,1643000,111,1
2014/07/30,113,115,109,109,292000,109,1
2014/07/31,111,111,106,106,70000,106,1
2014/08/01,104,107,103,104,113000,104,1
2014/08/04,104,104,103,104,12000,104,1
2014/08/05,104,104,99,101,139000,101,1
2014/08/06,100,101,99,100,27000,100,1
2014/08/07,100,103,100,101,18000,101,1
2014/08/08,101,102,100,101,53000,101,1
2014/08/11,102,102,100,101,33000,101,1
2014/08/12,102,107,101,107,124000,107,1
2014/08/13,107,107,103,105,48000,105,1
2014/08/14,105,107,102,103,47000,103,1
2014/08/15,102,103,102,103,19000,103,1
2014/08/18,104,105,104,105,5000,105,1
2014/08/19,105,106,104,104,10000,104,1
2014/08/20,105,106,105,105,6000,105,1
2014/08/21,105,106,104,104,16000,104,1
2014/08/22,105,105,101,104,74000,104,1
2014/08/25,104,104,102,103,16000,103,1
2014/08/26,103,103,103,103,11000,103,1
2014/08/27,104,104,101,102,39000,102,1
2014/08/28,103,104,102,104,12000,104,1
2014/08/29,104,105,102,102,11000,102,1
2014/09/01,102,103,101,101,23000,101,1
2014/09/02,101,103,101,103,13000,103,1
2014/09/03,103,103,99,101,165000,101,1
2014/09/04,101,102,100,101,31000,101,1
2014/09/05,101,101,99,99,16000,99,1
2014/09/08,100,101,100,101,4000,101,1
2014/09/09,100,100,98,99,106000,99,1
2014/09/10,99,99,99,99,30000,99,1
2014/09/11,100,100,99,99,14000,99,1
2014/09/12,99,99,99,99,16000,99,1
2014/09/16,98,99,97,97,57000,97,1
2014/09/17,97,98,97,98,4000,98,1
2014/09/18,98,99,98,99,16000,99,1
2014/09/19,99,99,98,99,20000,99,1
2014/09/22,99,99,98,99,6000,99,1
2014/09/24,98,99,98,99,24000,99,1
2014/09/25,99,100,98,99,53000,99,1
2014/09/26,99,101,97,99,53000,99,1
2014/09/29,98,100,98,100,7000,100,1
2014/09/30,100,101,100,101,8000,101,1
2014/10/01,100,101,99,99,29000,99,1
2014/10/02,97,98,95,95,86000,95,1
2014/10/03,95,97,95,97,15000,97,1
2014/10/06,97,98,96,98,19000,98,1
2014/10/07,98,98,97,97,6000,97,1
2014/10/08,95,96,95,96,11000,96,1
2014/10/09,98,98,96,96,4000,96,1
2014/10/10,95,95,93,93,28000,93,1
2014/10/14,92,92,91,91,36000,91,1
2014/10/15,93,93,93,93,4000,93,1
2014/10/16,91,94,91,92,15000,92,1
2014/10/17,92,95,91,94,14000,94,1
2014/10/20,94,96,94,95,5000,95,1
2014/10/21,93,93,93,93,4000,93,1
2014/10/22,94,99,93,97,40000,97,1
2014/10/23,96,96,94,94,14000,94,1
2014/10/24,95,95,95,95,5000,95,1
2014/10/27,95,97,95,97,5000,97,1
2014/10/28,97,97,95,95,2000,95,1
2014/10/29,96,98,96,98,8000,98,1
2014/10/30,96,97,96,96,6000,96,1
2014/10/31,97,97,96,97,21000,97,1
2014/11/04,99,99,97,98,23000,98,1
2014/11/05,98,100,98,100,10000,100,1
2014/11/06,100,100,100,100,3000,100,1
2014/11/10,99,100,98,100,7000,100,1
2014/11/11,99,99,98,99,15000,99,1
2014/11/12,99,99,99,99,1000,99,1
2014/11/13,98,98,98,98,19000,98,1
2014/11/14,97,97,97,97,7000,97,1
2014/11/17,97,98,97,97,13000,97,1
2014/11/18,96,97,96,96,9000,96,1
2014/11/19,96,97,96,96,8000,96,1
2014/11/20,97,98,97,98,3000,98,1
2014/11/21,98,99,98,98,8000,98,1
2014/11/25,97,99,97,99,11000,99,1
2014/11/26,98,99,98,99,13000,99,1
2014/11/27,100,100,99,100,7000,100,1
2014/11/28,99,102,99,101,29000,101,1
2014/12/01,101,102,101,101,19000,101,1
2014/12/02,101,101,101,101,3000,101,1
2014/12/03,101,102,99,99,50000,99,1
2014/12/04,100,100,98,98,8000,98,1
2014/12/05,98,100,97,99,24000,99,1
2014/12/08,99,100,99,100,22000,100,1
2014/12/09,99,100,98,99,27000,99,1
2014/12/10,98,100,98,98,15000,98,1
2014/12/11,98,99,98,98,9000,98,1
2014/12/12,98,100,98,100,16000,100,1
2014/12/15,99,99,98,98,12000,98,1
2014/12/16,97,99,96,99,26000,99,1
2014/12/17,97,98,97,97,11000,97,1
2014/12/18,98,99,96,97,27000,97,1
2014/12/19,97,98,96,98,89000,98,1
2014/12/22,97,98,97,97,33000,97,1
2014/12/24,97,98,97,97,31000,97,1
2014/12/25,97,98,96,96,43000,96,1
2014/12/26,98,99,98,99,3000,99,1
2014/12/29,98,99,98,99,10000,99,1
2014/12/30,100,101,99,100,15000,100,1
2015/01/05,100,100,98,100,5000,100,1
2015/01/06,100,100,98,98,14000,98,1
2015/01/07,96,98,96,97,34000,97,1
2015/01/08,97,100,97,98,24000,98,1
2015/01/09,99,100,99,99,10000,99,1
2015/01/13,98,100,98,99,13000,99,1
2015/01/14,99,100,99,99,10000,99,1
2015/01/15,99,100,99,99,11000,99,1
2015/01/16,100,100,96,97,56000,97,1
2015/01/19,96,96,95,96,50000,96,1
2015/01/20,96,97,95,96,50000,96,1
2015/01/21,97,98,97,98,27000,98,1
2015/01/22,99,103,99,99,149000,99,1
2015/01/23,100,102,99,100,107000,100,1
2015/01/26,101,101,100,101,36000,101,1
2015/01/27,102,103,101,101,53000,101,1
2015/01/28,101,101,99,100,32000,100,1
2015/01/29,100,100,98,98,59000,98,1
2015/01/30,98,113,98,108,1133000,108,1
2015/02/02,112,120,104,104,896000,104,1
2015/02/03,102,102,97,98,290000,98,1
2015/02/04,99,102,98,101,69000,101,1
2015/02/05,102,103,99,99,60000,99,1
2015/02/06,99,102,98,99,50000,99,1
2015/02/09,99,101,98,99,50000,99,1
2015/02/10,99,101,99,99,20000,99,1
2015/02/12,100,101,99,100,8000,100,1
2015/02/13,100,101,98,100,39000,100,1
2015/02/16,101,101,100,101,18000,101,1
2015/02/17,99,101,99,101,16000,101,1
2015/02/18,101,103,101,103,36000,103,1
2015/02/19,103,153,103,140,10909000,140,1
2015/02/20,145,184,126,132,14247000,132,1
2015/02/23,126,126,119,119,1426000,119,1
2015/02/24,134,165,130,133,10110000,133,1
2015/02/25,129,157,125,141,3127000,141,1
2015/02/26,136,138,131,132,556000,132,1
2015/02/27,140,141,131,132,396000,132,1
2015/03/02,130,130,125,127,273000,127,1
2015/03/03,125,127,121,124,241000,124,1
2015/03/04,129,134,126,129,647000,129,1
2015/03/05,126,128,125,125,134000,125,1
2015/03/06,125,127,124,127,70000,127,1
2015/03/09,127,127,122,122,111000,122,1
2015/03/10,122,122,119,120,103000,120,1
2015/03/11,120,122,120,122,32000,122,1
2015/03/12,123,124,121,121,34000,121,1
2015/03/13,123,124,121,122,80000,122,1
2015/03/16,122,123,121,123,49000,123,1
2015/03/17,123,123,120,120,51000,120,1
2015/03/18,120,121,119,121,85000,121,1
2015/03/19,122,122,118,119,64000,119,1
2015/03/20,119,143,119,135,2438000,135,1
2015/03/23,150,170,142,158,7457000,158,1
2015/03/24,165,166,136,137,1602000,137,1
2015/03/25,142,152,134,137,1481000,137,1
2015/03/26,135,135,128,130,390000,130,1
2015/03/27,128,129,125,126,162000,126,1
2015/03/30,128,134,128,130,284000,130,1
2015/03/31,132,135,130,131,288000,131,1
2015/04/01,131,133,126,130,135000,130,1
2015/04/02,128,129,125,127,75000,127,1
2015/04/03,127,168,125,136,6124000,136,1
2015/04/06,133,140,130,135,643000,135,1
2015/04/07,136,138,132,135,535000,135,1
2015/04/08,134,135,131,132,288000,132,1
2015/04/09,133,133,129,132,143000,132,1
2015/04/10,130,133,130,131,121000,131,1
2015/04/13,132,139,130,138,259000,138,1
2015/04/14,139,139,134,134,244000,134,1
2015/04/15,134,150,134,138,1142000,138,1
2015/04/16,137,143,137,140,181000,140,1
2015/04/17,141,154,139,145,1602000,145,1
2015/04/20,145,145,141,141,225000,141,1
2015/04/21,142,142,134,135,297000,135,1
2015/04/22,136,139,136,138,83000,138,1
2015/04/23,139,139,136,137,68000,137,1
2015/04/24,137,138,136,137,56000,137,1
2015/04/27,137,137,134,136,103000,136,1
2015/04/28,136,136,132,132,118000,132,1
2015/04/30,132,133,130,130,72000,130,1
2015/05/01,130,130,128,128,51000,128,1
2015/05/07,113,123,112,119,504000,119,1
2015/05/08,117,120,117,118,63000,118,1
2015/05/11,118,120,117,119,57000,119,1
2015/05/12,119,120,118,119,24000,119,1
2015/05/13,117,118,112,112,145000,112,1
2015/05/14,114,126,112,115,906000,115,1
2015/05/15,116,116,113,115,102000,115,1
2015/05/18,115,124,112,118,389000,118,1
2015/05/19,120,125,117,125,237000,125,1
2015/05/20,125,126,122,126,172000,126,1
2015/05/21,124,124,121,121,122000,121,1
2015/05/22,121,126,121,123,90000,123,1
2015/05/25,124,124,122,122,52000,122,1
2015/05/26,123,128,123,128,191000,128,1
2015/05/27,128,128,125,128,141000,128,1
2015/05/28,129,144,127,136,1128000,136,1
2015/05/29,141,176,137,143,9988000,143,1
2015/06/01,140,140,134,137,466000,137,1
2015/06/02,137,139,132,133,438000,133,1
2015/06/03,134,138,132,135,212000,135,1
2015/06/04,136,136,134,135,62000,135,1
2015/06/05,135,141,135,138,220000,138,1
2015/06/08,137,140,137,140,56000,140,1
2015/06/09,139,142,138,142,136000,142,1
2015/06/10,143,143,133,133,239000,133,1
2015/06/11,134,137,134,137,36000,137,1
2015/06/12,137,137,135,136,32000,136,1
2015/06/15,136,136,132,135,47000,135,1
2015/06/16,135,175,135,175,7482000,175,1
2015/06/17,160,168,145,150,4290000,150,1
2015/06/18,150,150,137,138,963000,138,1
2015/06/19,140,143,137,140,759000,140,1
2015/06/22,143,165,142,152,3484000,152,1
2015/06/23,148,154,144,154,943000,154,1
2015/06/24,150,151,147,150,243000,150,1
2015/06/25,150,154,148,148,335000,148,1
2015/06/26,147,147,141,142,247000,142,1
2015/06/29,139,140,135,138,192000,138,1
2015/06/30,137,142,136,138,154000,138,1
2015/07/01,139,143,137,143,68000,143,1
2015/07/02,143,147,141,145,205000,145,1
2015/07/03,145,151,141,145,230000,145,1
2015/07/06,143,143,138,140,119000,140,1
2015/07/07,141,148,141,146,164000,146,1
2015/07/08,150,153,139,141,242000,141,1
2015/07/09,139,141,123,141,212000,141,1
2015/07/10,139,140,138,138,20000,138,1
2015/07/13,139,143,139,141,54000,141,1
2015/07/14,145,147,142,142,221000,142,1
2015/07/15,143,145,142,144,65000,144,1
2015/07/16,145,145,142,143,76000,143,1
2015/07/17,144,145,139,141,57000,141,1
2015/07/21,142,143,140,141,50000,141,1
2015/07/22,141,141,139,140,46000,140,1
2015/07/23,141,144,141,144,89000,144,1
2015/07/24,144,144,139,142,54000,142,1
2015/07/27,140,140,139,139,27000,139,1
2015/07/28,139,140,136,139,50000,139,1
2015/07/29,140,141,139,139,56000,139,1
2015/07/30,140,140,137,139,43000,139,1
2015/07/31,139,139,136,136,35000,136,1
2015/08/03,137,137,134,135,28000,135,1
2015/08/04,134,134,132,133,44000,133,1
2015/08/05,133,135,133,135,9000,135,1
2015/08/06,135,136,134,134,48000,134,1
2015/08/07,134,134,132,133,24000,133,1
2015/08/10,132,132,130,130,58000,130,1
2015/08/11,130,133,129,133,45000,133,1
2015/08/12,131,133,129,133,13000,133,1
2015/08/13,130,138,130,132,120000,132,1
2015/08/14,132,135,132,135,31000,135,1
2015/08/17,133,134,130,131,76000,131,1
2015/08/18,131,134,131,133,17000,133,1
2015/08/19,133,134,131,132,31000,132,1
2015/08/20,129,134,129,134,47000,134,1
2015/08/21,130,130,127,129,93000,129,1
2015/08/24,125,128,111,111,153000,111,1
2015/08/25,102,111,99,105,226000,105,1
2015/08/26,104,116,104,116,45000,116,1
2015/08/27,115,122,115,117,62000,117,1
2015/08/28,117,123,117,119,80000,119,1
2015/08/31,119,123,118,120,21000,120,1
2015/09/01,120,123,119,120,24000,120,1
2015/09/02,118,122,118,122,15000,122,1
2015/09/03,122,122,119,119,21000,119,1
2015/09/04,120,121,115,116,23000,116,1
2015/09/07,112,120,112,119,22000,119,1
2015/09/08,118,120,116,116,16000,116,1
2015/09/09,115,120,115,116,17000,116,1
2015/09/10,115,118,115,118,4000,118,1
2015/09/11,118,118,118,118,8000,118,1
2015/09/14,118,118,116,118,6000,118,1
2015/09/15,113,116,113,116,9000,116,1
2015/09/16,118,119,118,119,2000,119,1
2015/09/17,118,120,116,119,33000,119,1
2015/09/18,120,120,115,116,14000,116,1
2015/09/24,114,114,113,113,17000,113,1
2015/09/25,114,115,114,115,6000,115,1
2015/09/28,115,117,113,116,9000,116,1
2015/09/30,115,117,114,115,19000,115,1
2015/10/01,115,118,113,114,26000,114,1
2015/10/02,114,116,113,115,13000,115,1
2015/10/05,115,116,115,115,6000,115,1
2015/10/06,115,116,115,116,12000,116,1
2015/10/07,117,117,113,115,33000,115,1
2015/10/08,116,117,115,115,10000,115,1
2015/10/09,115,118,113,116,29000,116,1
2015/10/13,115,118,114,118,15000,118,1
2015/10/14,119,119,118,118,6000,118,1
2015/10/15,114,118,114,118,14000,118,1
2015/10/16,116,118,116,117,8000,117,1
2015/10/19,118,118,109,114,29000,114,1
2015/10/20,115,117,113,116,13000,116,1
2015/10/21,115,117,115,117,6000,117,1
2015/10/22,117,117,117,117,2000,117,1
2015/10/23,117,118,117,118,10000,118,1
2015/10/26,119,119,117,119,14000,119,1
2015/10/27,118,120,118,119,12000,119,1
2015/10/28,118,123,118,123,111000,123,1
2015/10/29,125,126,123,124,102000,124,1
2015/10/30,125,125,123,123,18000,123,1
2015/11/02,123,123,123,123,4000,123,1
2015/11/04,124,124,124,124,3000,124,1
2015/11/05,121,122,120,120,30000,120,1
2015/11/06,120,124,120,124,14000,124,1
2015/11/09,121,125,121,123,40000,123,1
2015/11/10,123,124,123,124,15000,124,1
2015/11/11,124,124,120,123,12000,123,1
2015/11/12,123,125,119,123,43000,123,1
2015/11/13,122,124,122,123,21000,123,1
2015/11/16,121,122,119,121,12000,121,1
2015/11/17,122,122,120,122,18000,122,1
2015/11/18,121,122,120,121,24000,121,1
2015/11/19,122,122,121,121,13000,121,1
2015/11/20,121,123,121,121,59000,121,1
2015/11/24,121,124,121,123,12000,123,1
2015/11/25,123,129,122,129,185000,129,1
2015/11/26,129,133,127,131,317000,131,1
2015/11/27,130,133,128,128,346000,128,1
2015/11/30,130,130,128,129,60000,129,1
2015/12/01,129,131,128,130,51000,130,1
2015/12/02,130,130,128,129,20000,129,1
2015/12/03,128,131,128,131,79000,131,1
2015/12/04,130,130,128,129,60000,129,1
2015/12/07,130,138,130,137,220000,137,1
2015/12/08,136,136,133,133,89000,133,1
2015/12/09,133,133,131,132,27000,132,1
2015/12/10,132,132,128,130,52000,130,1
2015/12/11,130,130,128,130,72000,130,1
2015/12/14,127,130,125,130,86000,130,1
2015/12/15,129,129,126,128,37000,128,1
2015/12/16,129,129,128,129,10000,129,1
2015/12/17,128,134,128,130,106000,130,1
2015/12/18,130,130,128,128,62000,128,1
2015/12/21,128,128,121,123,151000,123,1
2015/12/22,124,124,120,120,56000,120,1
2015/12/24,121,124,119,120,71000,120,1
2015/12/25,120,120,115,115,84000,115,1
2015/12/28,116,120,116,120,30000,120,1
2015/12/29,120,123,120,123,26000,123,1
2015/12/30,122,125,122,124,54000,124,1
2016/01/04,124,125,124,125,6000,125,1
2016/01/05,125,126,125,125,11000,125,1
2016/01/06,123,124,118,122,57000,122,1
2016/01/07,122,122,118,119,22000,119,1
2016/01/08,118,119,118,119,6000,119,1
2016/01/12,118,118,115,116,49000,116,1
2016/01/13,118,120,118,120,15000,120,1
2016/01/14,116,120,115,118,14000,118,1
2016/01/15,119,119,116,116,16000,116,1
2016/01/18,109,114,109,111,38000,111,1
2016/01/19,110,115,110,114,12000,114,1
2016/01/20,115,115,108,109,33000,109,1
2016/01/21,105,110,98,98,64000,98,1
2016/01/22,104,104,101,104,15000,104,1
2016/01/25,105,107,103,105,13000,105,1
2016/01/26,107,107,105,105,13000,105,1
2016/01/27,109,109,108,108,9000,108,1
2016/01/28,108,109,108,109,10000,109,1
2016/01/29,109,109,109,109,1000,109,1
2016/02/01,111,116,110,113,69000,113,1
2016/02/02,113,116,112,113,38000,113,1
2016/02/03,112,112,110,111,11000,111,1
2016/02/04,112,112,112,112,6000,112,1
2016/02/05,111,111,106,107,26000,107,1
2016/02/08,105,106,103,105,37000,105,1
2016/02/09,103,103,99,101,31000,101,1
2016/02/10,99,101,96,98,37000,98,1
2016/02/12,88,93,79,86,123000,86,1
2016/02/15,90,95,86,91,77000,91,1
2016/02/16,92,93,91,93,15000,93,1
2016/02/17,92,93,92,92,9000,92,1
2016/02/18,94,94,93,94,3000,94,1
2016/02/19,93,93,91,92,5000,92,1
2016/02/22,92,93,90,93,46000,93,1
2016/02/23,94,94,93,94,6000,94,1
2016/02/24,91,93,91,93,5000,93,1
2016/02/25,94,95,94,95,18000,95,1
2016/02/26,96,97,96,97,22000,97,1
2016/02/29,98,98,97,97,8000,97,1
2016/03/01,96,98,96,98,11000,98,1
2016/03/02,98,99,97,99,11000,99,1
2016/03/03,99,99,99,99,2000,99,1
2016/03/04,100,102,100,101,15000,101,1
2016/03/07,102,104,100,104,23000,104,1
2016/03/08,102,104,102,102,17000,102,1
2016/03/09,100,102,98,100,53000,100,1
2016/03/10,102,104,102,103,10000,103,1
2016/03/11,101,103,101,103,3000,103,1
2016/03/14,105,105,103,104,26000,104,1
2016/03/15,104,104,102,104,10000,104,1
2016/03/16,105,105,104,105,13000,105,1
2016/03/17,105,105,101,104,24000,104,1
2016/03/18,103,103,102,102,2000,102,1
2016/03/22,104,104,103,103,2000,103,1
2016/03/23,102,103,101,103,20000,103,1
2016/03/24,103,104,101,102,23000,102,1
2016/03/25,102,103,102,103,18000,103,1
2016/03/28,103,106,103,106,26000,106,1
2016/03/29,103,103,93,102,51000,102,1
2016/03/31,100,101,100,100,8000,100,1
2016/04/01,99,100,97,99,15000,99,1
2016/04/04,98,100,98,100,2000,100,1
2016/04/05,99,99,99,99,2000,99,1
2016/04/06,100,100,99,99,2000,99,1
2016/04/07,98,105,98,98,39000,98,1
2016/04/08,99,100,99,100,4000,100,1
2016/04/12,101,101,100,101,3000,101,1
2016/04/13,102,102,102,102,1000,102,1
2016/04/14,100,102,99,99,33000,99,1
2016/04/15,100,100,100,100,1000,100,1
2016/04/18,99,99,98,98,5000,98,1
2016/04/19,98,99,98,99,22000,99,1
2016/04/20,100,100,98,99,17000,99,1
2016/04/21,100,100,100,100,4000,100,1
2016/04/22,101,101,99,100,9000,100,1
2016/04/25,101,101,99,100,6000,100,1
2016/04/26,100,100,98,99,18000,99,1
2016/04/27,99,100,99,100,2000,100,1
2016/04/28,100,100,98,99,31000,99,1
2016/05/02,101,101,98,100,27000,100,1
2016/05/06,100,101,99,101,28000,101,1
2016/05/09,101,150,100,114,3539000,114,1
2016/05/10,116,117,106,109,601000,109,1
2016/05/11,110,113,107,108,163000,108,1
2016/05/12,107,108,106,106,53000,106,1
2016/05/13,107,110,106,106,60000,106,1
2016/05/16,109,109,102,104,141000,104,1
2016/05/17,103,105,99,103,83000,103,1
2016/05/18,104,104,100,101,83000,101,1
2016/05/19,101,103,98,101,79000,101,1
2016/05/20,99,100,94,98,119000,98,1
2016/05/23,99,99,96,98,19000,98,1
2016/05/24,98,100,98,99,17000,99,1
2016/05/25,100,100,99,99,14000,99,1
2016/05/26,100,100,97,97,17000,97,1
2016/05/27,97,98,97,97,7000,97,1
2016/05/30,97,97,96,97,23000,97,1
2016/05/31,98,98,97,98,18000,98,1
2016/06/01,97,97,97,97,9000,97,1
2016/06/02,97,98,97,98,12000,98,1
2016/06/03,97,98,97,97,29000,97,1
2016/06/06,96,98,95,98,14000,98,1
2016/06/07,97,98,97,97,10000,97,1
2016/06/08,98,98,97,97,12000,97,1
2016/06/09,96,97,95,97,22000,97,1
2016/06/10,95,97,95,97,16000,97,1
2016/06/13,96,96,95,95,21000,95,1
2016/06/14,95,95,92,93,33000,93,1
2016/06/15,92,94,92,94,14000,94,1
2016/06/16,93,94,89,89,82000,89,1
2016/06/17,90,90,89,89,3000,89,1
2016/06/20,90,91,89,91,20000,91,1
2016/06/21,91,92,91,92,2000,92,1
2016/06/22,92,92,91,91,4000,91,1
2016/06/23,91,91,91,91,7000,91,1
2016/06/24,92,92,82,85,56000,85,1
2016/06/27,85,89,85,89,14000,89,1
2016/06/28,89,89,86,89,24000,89,1
2016/06/29,89,91,89,90,13000,90,1
2016/06/30,92,92,92,92,1000,92,1
2016/07/01,92,94,92,94,4000,94,1
2016/07/04,93,94,93,94,3000,94,1
2016/07/06,93,93,93,93,5000,93,1
2016/07/07,93,94,92,93,7000,93,1
2016/07/08,92,92,91,92,5000,92,1
2016/07/11,92,94,92,94,8000,94,1
2016/07/12,95,96,94,96,13000,96,1
2016/07/13,96,97,94,97,31000,97,1
2016/07/14,96,98,95,97,33000,97,1
2016/07/15,98,98,97,97,3000,97,1
2016/07/19,97,97,95,96,29000,96,1
2016/07/20,95,96,94,96,10000,96,1
2016/07/21,96,97,96,97,2000,97,1
2016/07/22,96,105,96,100,212000,100,1
2016/07/25,101,102,100,102,43000,102,1
2016/07/26,103,105,102,103,91000,103,1
2016/07/27,108,118,104,109,373000,109,1
2016/07/28,108,108,104,105,61000,105,1
2016/07/29,103,114,102,106,98000,106,1
2016/08/01,102,105,102,104,52000,104,1
2016/08/02,105,105,102,103,32000,103,1
2016/08/03,102,104,102,103,7000,103,1
2016/08/04,104,108,102,106,59000,106,1
2016/08/05,108,108,105,106,13000,106,1
2016/08/08,107,109,107,109,14000,109,1
2016/08/09,104,109,104,108,38000,108,1
2016/08/10,106,109,106,109,20000,109,1
2016/08/12,108,108,106,106,2000,106,1
2016/08/15,107,107,104,104,3000,104,1
2016/08/16,105,105,98,100,84000,100,1
2016/08/17,100,104,99,102,15000,102,1
2016/08/18,103,103,102,102,2000,102,1
2016/08/19,104,104,104,104,1000,104,1
2016/08/22,100,103,100,103,8000,103,1
2016/08/23,101,102,101,102,4000,102,1
2016/08/24,103,103,103,103,2000,103,1
2016/08/25,103,103,102,102,3000,102,1
2016/08/26,103,103,103,103,1000,103,1
2016/08/29,103,103,101,101,8000,101,1
2016/08/30,103,103,101,103,4000,103,1
2016/08/31,103,105,102,104,23000,104,1
2016/09/01,103,105,103,105,3000,105,1
2016/09/02,105,105,105,105,2000,105,1
2016/09/05,105,106,105,105,8000,105,1
2016/09/06,105,107,105,107,16000,107,1
2016/09/07,107,107,107,107,1000,107,1
2016/09/08,105,108,105,108,8000,108,1
2016/09/12,108,108,105,105,8000,105,1
2016/09/13,107,107,107,107,2000,107,1
2016/09/14,106,106,106,106,4000,106,1
2016/09/15,106,106,103,106,7000,106,1
2016/09/16,107,107,104,107,12000,107,1
2016/09/20,107,107,104,106,4000,106,1
2016/09/21,107,107,105,105,5000,105,1
2016/09/23,107,107,105,106,45000,106,1
2016/09/26,108,108,107,108,19000,108,1
2016/09/27,108,109,107,108,20000,108,1
2016/09/28,104,106,104,106,7000,106,1
2016/09/29,104,105,104,105,14000,105,1
2016/09/30,105,105,105,105,3000,105,1
2016/10/03,107,107,105,107,4000,107,1
2016/10/04,107,107,106,107,7000,107,1
2016/10/05,108,109,105,107,22000,107,1
2016/10/06,107,108,105,107,22000,107,1
2016/10/07,107,107,105,106,11000,106,1
2016/10/11,107,107,104,106,11000,106,1
2016/10/12,106,107,104,106,13000,106,1
2016/10/13,104,106,104,106,7000,106,1
2016/10/14,104,105,104,105,5000,105,1
2016/10/17,106,107,106,107,3000,107,1
2016/10/18,104,107,104,107,11000,107,1
2016/10/19,107,108,106,108,8000,108,1
2016/10/20,107,108,107,108,13000,108,1
2016/10/21,108,109,108,108,19000,108,1
2016/10/24,108,114,108,113,79000,113,1
2016/10/25,112,115,110,111,59000,111,1
2016/10/26,111,111,109,110,15000,110,1
2016/10/27,110,111,110,111,7000,111,1
2016/10/28,111,111,109,110,47000,110,1
2016/10/31,110,112,110,110,21000,110,1
2016/11/01,110,111,109,111,47000,111,1
2016/11/02,110,110,106,106,41000,106,1
2016/11/04,106,106,102,105,36000,105,1
2016/11/07,105,106,103,106,29000,106,1
2016/11/08,105,106,103,103,16000,103,1
2016/11/09,103,103,99,100,105000,100,1
2016/11/10,103,105,101,103,30000,103,1
2016/11/11,104,114,104,104,309000,104,1
2016/11/14,107,108,105,108,61000,108,1
2016/11/15,107,108,107,108,13000,108,1
2016/11/16,109,110,108,109,63000,109,1
2016/11/17,110,110,108,109,29000,109,1
2016/11/18,109,110,108,109,31000,109,1
2016/11/21,109,111,109,110,36000,110,1
2016/11/22,110,114,109,112,107000,112,1
2016/11/24,116,135,116,122,1225000,122,1
2016/11/25,120,120,116,118,129000,118,1
2016/11/28,118,118,114,118,59000,118,1
2016/11/29,117,118,116,117,20000,117,1
2016/11/30,116,117,115,117,63000,117,1
2016/12/01,117,118,116,116,52000,116,1
2016/12/02,115,116,112,114,86000,114,1
2016/12/05,114,114,108,114,120000,114,1
2016/12/06,114,114,112,113,49000,113,1
2016/12/07,113,115,113,114,50000,114,1
2016/12/08,115,115,114,114,35000,114,1
2016/12/09,114,114,113,113,30000,113,1
2016/12/12,114,115,113,113,40000,113,1
2016/12/13,114,119,114,118,179000,118,1
2016/12/14,118,120,118,118,97000,118,1
2016/12/15,118,126,118,122,387000,122,1
2016/12/16,125,130,123,127,355000,127,1
2016/12/19,124,127,120,122,169000,122,1
2016/12/20,127,133,123,123,328000,123,1
2016/12/21,124,124,120,121,146000,121,1
2016/12/22,122,122,120,121,52000,121,1
2016/12/26,120,123,120,121,48000,121,1
2016/12/27,122,124,121,122,63000,122,1
2016/12/28,122,123,122,122,15000,122,1
2016/12/29,124,124,121,122,43000,122,1
2016/12/30,123,126,122,123,103000,123,1
2017/01/04,123,124,122,123,38000,123,1
2017/01/05,124,124,122,124,24000,124,1
2017/01/06,124,124,123,124,53000,124,1
2017/01/10,125,126,124,125,45000,125,1
2017/01/11,124,125,124,124,45000,124,1
2017/01/12,124,124,120,123,123000,123,1
2017/01/13,123,125,123,124,42000,124,1
2017/01/16,124,125,123,123,30000,123,1
2017/01/17,123,123,122,122,42000,122,1
2017/01/18,122,123,121,123,47000,123,1
2017/01/19,121,122,121,122,36000,122,1
2017/01/20,122,123,121,121,63000,121,1
2017/01/23,121,121,120,121,62000,121,1
2017/01/24,121,121,120,120,20000,120,1
2017/01/25,121,121,120,120,22000,120,1
2017/01/26,121,122,120,121,43000,121,1
2017/01/27,121,123,121,123,34000,123,1
2017/01/30,123,129,123,129,96000,129,1
2017/01/31,128,128,127,127,39000,127,1
2017/02/01,126,128,126,127,39000,127,1
2017/02/02,126,126,124,124,66000,124,1
2017/02/03,124,125,124,124,29000,124,1
2017/02/06,124,126,124,125,14000,125,1
2017/02/07,125,126,125,125,15000,125,1
2017/02/08,126,128,125,127,31000,127,1
2017/02/09,127,128,126,126,18000,126,1
2017/02/10,126,127,126,126,13000,126,1
2017/02/13,127,127,125,127,64000,127,1
2017/02/14,127,157,127,138,4557000,138,1
2017/02/15,139,139,134,135,342000,135,1
2017/02/16,136,136,133,134,162000,134,1
2017/02/17,134,137,132,137,99000,137,1
2017/02/20,136,138,135,135,153000,135,1
2017/02/21,137,138,136,136,84000,136,1
2017/02/22,136,137,134,135,115000,135,1
2017/02/23,136,136,134,135,38000,135,1
2017/02/24,135,136,134,135,24000,135,1
2017/02/27,136,139,136,137,107000,137,1
2017/02/28,137,139,136,138,172000,138,1
2017/03/01,139,139,136,137,76000,137,1
2017/03/02,137,139,137,137,42000,137,1
2017/03/03,137,144,137,144,312000,144,1
2017/03/06,144,144,140,142,180000,142,1
2017/03/07,143,143,140,142,104000,142,1
2017/03/08,142,142,141,141,38000,141,1
2017/03/09,140,142,140,141,71000,141,1
2017/03/10,141,147,141,146,213000,146,1
2017/03/13,147,147,143,143,186000,143,1
2017/03/14,142,145,142,144,86000,144,1
2017/03/15,144,145,142,142,100000,142,1
2017/03/16,141,143,140,143,54000,143,1
2017/03/17,143,143,141,141,40000,141,1
2017/03/21,141,143,141,141,64000,141,1
2017/03/22,140,140,137,137,108000,137,1
2017/03/23,138,138,133,136,130000,136,1
2017/03/24,136,138,136,137,38000,137,1
2017/03/27,137,139,134,135,116000,135,1
2017/03/28,135,138,134,135,92000,135,1
2017/03/29,132,132,129,131,91000,131,1
2017/03/30,130,131,130,130,19000,130,1
2017/03/31,130,131,130,130,37000,130,1
2017/04/03,132,133,132,132,29000,132,1
2017/04/04,132,132,128,129,66000,129,1
2017/04/05,129,129,127,129,28000,129,1
2017/04/06,127,128,122,122,76000,122,1
2017/04/07,122,123,119,122,74000,122,1
2017/04/10,122,125,122,123,36000,123,1
2017/04/11,124,125,123,123,15000,123,1
2017/04/12,122,122,118,119,53000,119,1
2017/04/13,118,120,116,120,15000,120,1
2017/04/14,121,121,120,120,5000,120,1
2017/04/17,119,122,119,120,16000,120,1
2017/04/18,123,123,122,122,7000,122,1
2017/04/19,121,123,121,122,21000,122,1
2017/04/20,124,124,124,124,6000,124,1
2017/04/21,123,124,123,124,25000,124,1
2017/04/24,124,124,122,122,19000,122,1
2017/04/25,122,124,122,124,10000,124,1
2017/04/26,125,127,124,126,49000,126,1
2017/04/27,126,129,126,129,22000,129,1
2017/04/28,129,131,129,129,29000,129,1
2017/05/01,129,130,128,129,29000,129,1
2017/05/02,129,130,128,130,35000,130,1
2017/05/08,132,134,132,134,85000,134,1
2017/05/09,135,169,134,138,3130000,138,1
2017/05/10,136,137,134,135,324000,135,1
2017/05/11,135,139,135,137,146000,137,1
2017/05/12,137,138,132,137,153000,137,1
2017/05/15,135,138,134,138,64000,138,1
2017/05/16,136,138,135,138,54000,138,1
2017/05/17,138,138,134,135,67000,135,1
2017/05/18,133,134,132,134,74000,134,1
2017/05/19,135,135,133,135,45000,135,1
2017/05/22,137,137,135,136,11000,136,1
2017/05/23,134,135,133,134,58000,134,1
2017/05/24,134,137,134,135,33000,135,1
2017/05/25,136,136,134,136,27000,136,1
2017/05/26,137,137,135,136,13000,136,1
2017/05/29,134,134,130,134,80000,134,1
2017/05/30,134,134,132,133,10000,133,1
2017/05/31,133,134,133,133,11000,133,1
2017/06/01,133,136,133,134,61000,134,1
2017/06/02,134,138,134,136,84000,136,1
2017/06/05,137,138,136,138,60000,138,1
2017/06/06,138,138,136,136,30000,136,1
2017/06/07,137,137,135,136,15000,136,1
2017/06/08,138,143,138,140,384000,140,1
2017/06/09,140,140,137,138,84000,138,1
2017/06/12,137,138,136,137,71000,137,1
2017/06/13,136,137,136,137,24000,137,1
2017/06/14,138,139,137,138,56000,138,1
2017/06/15,138,140,137,139,67000,139,1
2017/06/16,142,142,138,140,70000,140,1
2017/06/19,140,147,140,146,374000,146,1
2017/06/20,146,152,144,145,386000,145,1
2017/06/21,145,147,145,146,40000,146,1
2017/06/22,147,148,145,146,64000,146,1
2017/06/23,146,146,142,143,121000,143,1
2017/06/26,144,145,143,143,39000,143,1
2017/06/27,145,147,144,145,66000,145,1
2017/06/28,145,152,145,151,407000,151,1
2017/06/29,153,155,151,152,370000,152,1
2017/06/30,151,151,148,150,128000,150,1
2017/07/03,151,154,151,153,49000,153,1
2017/07/04,153,153,146,146,153000,146,1
2017/07/05,145,148,143,148,86000,148,1
2017/07/06,147,165,140,140,1776000,140,1
2017/07/07,141,145,141,145,253000,145,1
2017/07/10,147,148,145,147,85000,147,1
2017/07/11,147,148,145,148,83000,148,1
2017/07/12,148,153,148,151,156000,151,1
2017/07/13,152,155,151,153,157000,153,1
2017/07/14,153,157,152,155,186000,155,1
2017/07/18,155,161,155,158,295000,158,1
2017/07/19,161,161,158,158,98000,158,1
2017/07/20,161,165,159,162,156000,162,1
2017/07/21,165,167,163,167,155000,167,1
2017/07/24,170,173,168,171,168000,171,1
2017/07/25,171,184,169,184,361000,184,1
2017/07/26,189,210,176,177,744000,177,1
2017/07/27,177,178,173,173,124000,173,1
2017/07/28,174,181,174,179,96000,179,1
2017/07/31,180,186,180,186,114000,186,1
2017/08/01,184,185,171,175,192000,175,1
2017/08/02,175,176,171,173,53000,173,1
2017/08/03,173,174,173,173,19000,173,1
2017/08/04,172,173,166,172,89000,172,1
2017/08/07,174,176,173,175,49000,175,1
2017/08/08,176,176,174,175,38000,175,1
2017/08/09,175,175,172,175,46000,175,1
2017/08/10,173,175,167,167,166000,167,1
2017/08/14,162,165,154,160,156000,160,1
2017/08/15,161,164,159,161,91000,161,1
2017/08/16,161,165,161,164,76000,164,1
2017/08/17,164,170,164,169,149000,169,1
2017/08/18,169,180,168,179,183000,179,1
2017/08/21,181,189,181,181,229000,181,1
2017/08/22,181,181,177,180,51000,180,1
2017/08/23,180,180,177,178,74000,178,1
2017/08/24,177,177,173,175,49000,175,1
2017/08/25,175,180,175,177,49000,177,1
2017/08/28,179,179,176,178,24000,178,1
2017/08/29,176,178,176,177,11000,177,1
2017/08/30,177,181,177,180,28000,180,1
2017/08/31,181,182,180,180,13000,180,1
2017/09/01,179,179,178,179,26000,179,1
2017/09/04,180,181,178,178,33000,178,1
2017/09/05,179,179,175,176,48000,176,1
2017/09/06,176,177,173,176,83000,176,1
2017/09/07,176,179,176,179,30000,179,1
2017/09/08,180,180,177,178,26000,178,1
2017/09/11,179,184,179,182,76000,182,1
2017/09/12,181,185,181,185,49000,185,1
2017/09/13,186,192,186,189,124000,189,1
2017/09/14,191,191,185,187,48000,187,1
2017/09/15,189,203,189,200,217000,200,1
2017/09/19,194,202,194,198,73000,198,1
2017/09/20,205,205,200,200,63000,200,1
2017/09/21,202,203,199,199,71000,199,1
2017/09/22,199,201,196,200,57000,200,1
2017/09/25,200,201,197,198,108000,198,1
2017/09/26,200,206,199,202,200000,202,1
2017/09/27,197,199,192,198,79000,198,1
2017/09/28,199,201,199,200,29000,200,1
2017/09/29,200,201,199,200,29000,200,1
2017/10/02,200,202,199,200,40800,200,1
2017/10/03,201,218,201,203,188700,203,1
2017/10/04,206,211,206,207,63900,207,1
2017/10/05,207,237,207,212,1164600,212,1
2017/10/06,216,224,212,220,161200,220,1
2017/10/10,220,265,220,237,1773100,237,1
2017/10/11,233,241,228,239,256200,239,1
2017/10/12,237,259,236,245,379100,245,1
2017/10/13,252,282,229,229,1645500,229,1
2017/10/16,238,245,233,241,222000,241,1
2017/10/17,240,248,238,247,119900,247,1
2017/10/18,254,254,236,238,159100,238,1
2017/10/19,236,237,227,227,125500,227,1
2017/10/20,223,225,220,225,81400,225,1
2017/10/23,229,230,225,227,42200,227,1
2017/10/24,229,229,225,226,43100,226,1
2017/10/25,227,228,223,225,54800,225,1
2017/10/26,223,224,217,218,78600,218,1
2017/10/27,218,219,213,215,77700,215,1
2017/10/30,225,225,220,224,72200,224,1
2017/10/31,224,237,222,235,129100,235,1
2017/11/01,235,237,227,229,72300,229,1
2017/11/02,229,230,226,228,48200,228,1
2017/11/06,227,229,225,226,32600,226,1
2017/11/07,227,228,227,228,21100,228,1
2017/11/08,228,228,226,226,22600,226,1
2017/11/09,226,228,219,223,70100,223,1
2017/11/10,220,226,220,226,18400,226,1
2017/11/13,227,256,226,231,691900,231,1
2017/11/14,233,238,223,226,187100,226,1
2017/11/15,231,233,222,222,131300,222,1
2017/11/16,221,225,221,222,30600,222,1
2017/11/17,225,225,220,220,102400,220,1
2017/11/20,221,224,221,224,35400,224,1
2017/11/21,224,229,224,228,65600,228,1
2017/11/22,230,237,227,234,91800,234,1
2017/11/24,234,234,229,233,64800,233,1
2017/11/27,234,257,234,257,920700,257,1
2017/11/28,258,259,246,257,362900,257,1
2017/11/29,259,270,252,269,491600,269,1
2017/11/30,277,325,270,299,2781700,299,1
2017/12/01,300,308,282,292,427000,292,1
2017/12/04,308,341,296,298,866300,298,1
2017/12/05,290,299,285,289,178200,289,1
2017/12/06,287,301,283,288,194000,288,1
2017/12/07,290,291,284,289,66000,289,1
2017/12/08,287,304,287,299,159800,299,1
2017/12/11,296,320,295,318,315500,318,1
2017/12/12,311,319,303,307,245500,307,1
2017/12/13,313,316,305,309,122800,309,1
2017/12/14,308,312,303,311,83100,311,1
2017/12/15,309,309,298,302,78700,302,1
2017/12/18,298,308,298,305,101900,305,1
2017/12/19,305,312,301,310,107200,310,1
2017/12/20,312,327,311,325,305000,325,1
2017/12/21,320,327,315,321,166500,321,1
2017/12/22,322,332,320,329,184200,329,1
2017/12/25,325,348,323,340,359600,340,1
2017/12/26,334,353,329,330,323000,330,1
2017/12/27,334,339,325,334,127500,334,1
2017/12/28,333,335,314,314,161000,314,1
2017/12/29,318,318,306,309,86000,309,1
2018/01/04,311,312,300,301,214100,301,1
2018/01/05,307,307,300,302,116200,302,1
2018/01/09,305,306,301,302,96200,302,1
2018/01/10,302,312,300,304,154600,304,1
2018/01/11,308,320,307,310,226200,310,1
2018/01/12,312,314,309,309,51200,309,1
2018/01/15,310,334,309,333,477300,333,1
2018/01/16,330,331,322,328,316100,328,1
2018/01/17,328,345,319,335,881500,335,1
2018/01/18,338,402,338,365,2272600,365,1
2018/01/19,366,381,350,368,598300,368,1
2018/01/22,369,382,359,375,284300,375,1
2018/01/23,371,398,371,388,426200,388,1
2018/01/24,395,431,392,414,982600,414,1
2018/01/25,408,427,406,412,421200,412,1
2018/01/26,414,416,396,406,238300,406,1
2018/01/29,400,406,380,386,348200,386,1
2018/01/30,386,393,378,382,112500,382,1
2018/01/31,380,380,356,367,342800,367,1
2018/02/01,372,386,370,380,147500,380,1
2018/02/02,387,388,378,382,92500,382,1
2018/02/05,352,368,345,363,206800,363,1
2018/02/06,330,338,302,317,344400,317,1
2018/02/07,341,343,321,321,122200,321,1
2018/02/08,327,337,327,336,64500,336,1
2018/02/09,320,328,312,328,77400,328,1
2018/02/13,335,338,321,321,74700,321,1
2018/02/14,324,324,260,292,181600,292,1
2018/02/15,303,315,302,313,73600,313,1
2018/02/16,324,335,322,329,128300,329,1
2018/02/19,332,337,328,337,67100,337,1
2018/02/20,337,338,327,334,68000,334,1
2018/02/21,330,331,326,329,104500,329,1
2018/02/22,329,330,325,327,37400,327,1
2018/02/23,330,330,323,329,43700,329,1
2018/02/26,329,329,324,325,96000,325,1
2018/02/27,330,330,322,322,67500,322,1
2018/02/28,323,324,321,322,24900,322,1
2018/03/01,321,325,320,322,32200,322,1
2018/03/02,320,343,320,336,307700,336,1
2018/03/05,335,339,312,313,172800,313,1
2018/03/06,325,332,318,326,71200,326,1
2018/03/07,323,325,316,319,60000,319,1
2018/03/08,320,325,320,324,22800,324,1
2018/03/09,325,327,319,321,42800,321,1
2018/03/12,325,325,320,323,52600,323,1
2018/03/13,324,330,321,330,50400,330,1
2018/03/14,327,332,327,332,55900,332,1
2018/03/15,332,347,327,340,125000,340,1
2018/03/16,345,360,342,356,301700,356,1
2018/03/19,362,369,343,344,322000,344,1
2018/03/20,336,354,331,343,129300,343,1
2018/03/22,353,353,342,343,60500,343,1
2018/03/23,337,344,323,329,170600,329,1
2018/03/26,321,327,312,320,98900,320,1
2018/03/27,328,333,322,322,135800,322,1
2018/03/28,310,326,304,319,173500,319,1
2018/03/29,319,325,307,313,204500,313,1
2018/03/30,317,323,312,316,163500,316,1
2018/04/02,314,330,314,322,115800,322,1
2018/04/03,316,328,315,326,101200,326,1
2018/04/04,325,328,317,319,96400,319,1
2018/04/05,318,322,297,299,235500,299,1
2018/04/06,298,298,281,281,189000,281,1
2018/04/09,276,292,273,285,76000,285,1
2018/04/10,281,288,280,281,57400,281,1
2018/04/11,284,284,276,278,54400,278,1
2018/04/12,275,279,275,276,32900,276,1
2018/04/13,275,280,267,276,98000,276,1
2018/04/16,274,275,266,266,78100,266,1
2018/04/17,265,266,254,259,102500,259,1
2018/04/18,258,269,258,267,40000,267,1
2018/04/19,269,277,266,272,59800,272,1
2018/04/20,272,289,271,277,126500,277,1
2018/04/23,276,285,276,283,56200,283,1
2018/04/24,281,287,274,276,52100,276,1
2018/04/25,278,280,273,273,31300,273,1
2018/04/26,272,275,268,270,23700,270,1
2018/04/27,270,275,270,273,24000,273,1
2018/05/01,273,273,270,272,25800,272,1
2018/05/02,272,274,272,274,18200,274,1
2018/05/07,275,279,272,276,40700,276,1
2018/05/08,279,306,277,300,546400,300,1
2018/05/09,298,298,287,287,113800,287,1
2018/05/10,286,294,282,288,189900,288,1
2018/05/11,290,291,287,287,54400,287,1
2018/05/14,287,367,287,367,715100,367,1
2018/05/15,359,404,346,365,2952200,365,1
2018/05/16,385,408,375,408,1223900,408,1
2018/05/17,430,455,417,449,1390000,449,1
2018/05/18,459,466,434,464,782000,464,1
2018/05/21,460,476,450,469,455900,469,1
2018/05/22,467,495,461,485,349900,485,1
2018/05/23,482,506,480,489,324400,489,1
2018/05/24,495,504,490,495,163600,495,1
2018/05/25,491,498,481,487,159300,487,1
2018/05/28,485,485,448,458,428300,458,1
2018/05/29,465,481,444,472,343300,472,1
2018/05/30,467,474,460,469,111600,469,1
2018/05/31,465,484,465,475,122500,475,1
2018/06/01,476,486,473,479,208000,479,1
2018/06/04,479,480,468,478,118100,478,1
2018/06/05,478,478,454,459,191900,459,1
2018/06/06,455,459,443,449,320100,449,1
2018/06/07,449,449,437,439,152600,439,1
2018/06/08,445,454,435,440,243800,440,1
2018/06/11,444,447,433,443,221600,443,1
2018/06/12,439,440,434,436,113700,436,1
2018/06/13,437,444,436,440,198000,440,1
2018/06/14,436,441,427,429,297000,429,1
2018/06/15,430,434,420,427,248700,427,1
2018/06/18,430,430,405,408,474500,408,1
2018/06/19,408,411,398,401,260700,401,1
2018/06/20,406,414,403,410,106000,410,1
2018/06/21,410,410,393,396,287800,396,1
2018/06/22,394,397,385,392,310700,392,1
2018/06/25,394,397,389,390,147800,390,1
2018/06/26,395,406,389,399,227300,399,1
2018/06/27,393,393,376,378,266600,378,1
2018/06/28,386,386,376,382,151800,382,1
2018/06/29,383,389,380,383,188100,383,1
2018/07/02,382,405,382,395,183200,395,1
2018/07/03,397,411,396,398,153800,398,1
2018/07/04,398,402,396,401,63600,401,1
2018/07/05,396,400,382,383,174600,383,1
2018/07/06,388,398,386,395,108500,395,1
2018/07/09,399,432,397,423,653700,423,1
2018/07/10,431,436,411,412,318900,412,1
2018/07/11,414,425,411,420,144900,420,1
2018/07/12,425,430,421,425,127700,425,1
2018/07/13,425,425,408,418,171700,418,1
