2007/01/11,700,701,700,701,6000,701,1
2007/01/12,700,701,700,701,2000,701,1
2007/01/16,721,722,720,720,6000,720,1
2007/01/18,719,720,719,720,2000,720,1
2007/01/24,681,682,681,682,2000,682,1
2007/01/29,701,701,700,700,2000,700,1
2007/01/30,700,701,700,700,7000,700,1
2007/01/31,706,711,699,700,10000,700,1
2007/02/01,715,715,715,715,3000,715,1
2007/02/02,725,726,715,715,3000,715,1
2007/02/05,715,715,715,715,1000,715,1
2007/02/13,715,715,715,715,1000,715,1
2007/02/14,750,750,748,750,7000,750,1
2007/02/16,720,720,720,720,1000,720,1
2007/02/19,720,721,718,718,7000,718,1
2007/02/20,720,760,716,725,37000,725,1
2007/02/21,725,728,715,728,17000,728,1
2007/02/22,720,721,708,714,12000,714,1
2007/02/23,718,718,718,718,2000,718,1
2007/02/26,718,721,717,718,5000,718,1
2007/02/27,716,717,716,717,2000,717,1
2007/02/28,706,727,702,727,34000,727,1
2007/03/01,727,727,727,727,1000,727,1
2007/03/02,727,727,725,725,3000,725,1
2007/03/05,717,720,707,710,36000,710,1
2007/03/06,710,730,710,730,12000,730,1
2007/03/07,730,730,730,730,4000,730,1
2007/03/08,740,741,740,741,2000,741,1
2007/03/13,770,771,731,731,8000,731,1
2007/03/14,719,720,710,710,3000,710,1
2007/03/15,740,770,740,770,3000,770,1
2007/03/16,769,770,769,770,2000,770,1
2007/03/19,771,771,769,770,4000,770,1
2007/03/23,762,762,760,760,2000,760,1
2007/03/26,750,750,750,750,1000,750,1
2007/03/30,744,744,744,744,1000,744,1
2007/04/02,745,745,744,744,2000,744,1
2007/04/05,720,725,720,725,4000,725,1
2007/04/11,766,767,750,750,6000,750,1
2007/04/18,760,795,760,770,9000,770,1
2007/04/19,769,770,769,770,2000,770,1
2007/04/20,760,761,760,761,2000,761,1
2007/04/24,760,760,759,759,3000,759,1
2007/04/26,758,759,758,758,5000,758,1
2007/04/27,759,760,759,760,2000,760,1
2007/05/07,760,760,760,760,1000,760,1
2007/05/08,751,751,751,751,2000,751,1
2007/05/10,750,751,710,749,17000,749,1
2007/05/11,730,730,730,730,2000,730,1
2007/05/14,731,731,730,730,4000,730,1
2007/05/15,732,732,732,732,1000,732,1
2007/05/16,759,759,759,759,1000,759,1
2007/05/17,735,735,735,735,1000,735,1
2007/05/18,734,735,710,710,34000,710,1
2007/05/21,710,710,710,710,3000,710,1
2007/05/22,696,696,696,696,1000,696,1
2007/05/30,737,738,737,738,2000,738,1
2007/05/31,720,720,700,700,7000,700,1
2007/06/04,699,700,699,700,4000,700,1
2007/06/05,702,703,702,703,2000,703,1
2007/06/06,705,705,703,704,9000,704,1
2007/06/08,700,701,700,701,2000,701,1
2007/06/11,701,701,701,701,3000,701,1
2007/06/12,702,702,699,699,2000,699,1
2007/06/13,695,695,695,695,4000,695,1
2007/06/14,705,705,705,705,1000,705,1
2007/06/18,710,710,705,705,4000,705,1
2007/06/19,707,707,704,704,5000,704,1
2007/06/20,701,702,701,702,4000,702,1
2007/06/21,702,702,702,702,1000,702,1
2007/06/22,704,705,699,700,4000,700,1
2007/06/25,705,716,705,715,6000,715,1
2007/06/26,715,715,702,702,12000,702,1
2007/06/28,705,705,705,705,3000,705,1
2007/07/02,710,710,710,710,3000,710,1
2007/07/04,734,735,734,734,4000,734,1
2007/07/05,733,734,733,734,2000,734,1
2007/07/10,733,734,727,727,6000,727,1
2007/07/11,724,725,724,725,2000,725,1
2007/07/19,724,724,722,722,2000,722,1
2007/07/24,702,703,700,700,10000,700,1
2007/07/26,699,700,655,655,7000,655,1
2007/07/27,655,656,653,653,3000,653,1
2007/07/30,650,650,650,650,2000,650,1
2007/08/01,652,652,650,650,2000,650,1
2007/08/02,668,669,666,666,8000,666,1
2007/08/03,665,665,650,650,9000,650,1
2007/08/06,650,650,650,650,1000,650,1
2007/08/08,637,638,631,632,6000,632,1
2007/08/09,630,630,602,617,11000,617,1
2007/08/10,616,617,616,617,4000,617,1
2007/08/13,617,618,617,618,2000,618,1
2007/08/16,619,620,619,620,18000,620,1
2007/08/17,620,620,620,620,4000,620,1
2007/08/21,620,620,620,620,4000,620,1
2007/08/23,620,620,610,620,5000,620,1
2007/08/28,637,638,620,620,5000,620,1
2007/08/30,620,620,620,620,2000,620,1
2007/08/31,620,620,620,620,6000,620,1
2007/09/03,649,650,649,650,8000,650,1
2007/09/04,648,650,640,640,4000,640,1
2007/09/10,640,640,640,640,9000,640,1
2007/09/19,636,636,636,636,1000,636,1
2007/09/20,622,622,622,622,1000,622,1
2007/09/21,622,622,622,622,4000,622,1
2007/09/25,621,621,620,620,3000,620,1
2007/09/27,601,605,601,605,2000,605,1
2007/10/02,605,605,605,605,2000,605,1
2007/10/03,602,602,602,602,2000,602,1
2007/10/04,598,599,598,598,4000,598,1
2007/10/05,585,590,585,590,2000,590,1
2007/10/09,588,588,587,587,4000,587,1
2007/10/10,588,588,586,586,11000,586,1
2007/10/11,585,585,583,583,4000,583,1
2007/10/16,578,578,578,578,1000,578,1
2007/10/17,558,558,558,558,1000,558,1
2007/10/19,557,558,555,555,4000,555,1
2007/10/22,555,555,554,554,2000,554,1
2007/10/24,550,550,550,550,6000,550,1
2007/10/25,549,550,549,550,2000,550,1
2007/10/26,550,550,550,550,2000,550,1
2007/10/29,560,560,560,560,1000,560,1
2007/11/02,560,560,560,560,2000,560,1
2007/11/13,584,585,584,585,9000,585,1
2007/11/16,585,585,555,555,2000,555,1
2007/11/20,550,560,550,560,2000,560,1
2007/11/27,576,576,576,576,1000,576,1
2007/12/11,603,604,603,604,5000,604,1
2007/12/14,604,604,603,604,12000,604,1
2007/12/17,600,601,600,601,2000,601,1
2007/12/18,601,601,601,601,1000,601,1
2007/12/20,600,600,590,590,7000,590,1
2007/12/25,575,575,545,553,17000,553,1
2007/12/26,553,553,553,553,4000,553,1
2007/12/27,550,550,550,550,1000,550,1
2007/12/28,549,550,549,550,2000,550,1
2008/01/16,594,595,594,595,2000,595,1
2008/01/17,607,608,607,608,4000,608,1
2008/01/18,608,609,606,608,13000,608,1
2008/01/21,638,638,615,615,2000,615,1
2008/01/22,615,615,614,615,4000,615,1
2008/01/28,601,615,601,615,2000,615,1
2008/01/30,620,621,620,621,2000,621,1
2008/02/01,620,621,620,620,10000,620,1
2008/02/12,620,620,619,620,8000,620,1
2008/02/18,620,620,620,620,2000,620,1
2008/02/26,620,620,620,620,4000,620,1
2008/03/03,645,645,645,645,1000,645,1
2008/03/04,645,645,645,645,1000,645,1
2008/03/05,645,645,645,645,3000,645,1
2008/03/10,641,642,641,642,6000,642,1
2008/03/12,580,580,580,580,1000,580,1
2008/03/14,527,527,527,527,2000,527,1
2008/03/18,500,500,497,497,3000,497,1
2008/03/25,522,522,522,522,1000,522,1
2008/03/26,537,537,537,537,3000,537,1
2008/04/01,547,547,547,547,1000,547,1
2008/04/10,540,557,540,557,5000,557,1
2008/04/11,584,584,584,584,4000,584,1
2008/04/18,634,634,634,634,1000,634,1
2008/04/28,634,634,633,633,2000,633,1
2008/05/07,640,640,640,640,1000,640,1
2008/05/12,640,640,640,640,4000,640,1
2008/05/16,640,640,640,640,1000,640,1
2008/05/26,629,629,629,629,2000,629,1
2008/05/30,624,624,624,624,1000,624,1
2008/06/03,620,620,620,620,1000,620,1
2008/06/10,620,620,620,620,4000,620,1
2008/06/18,614,614,614,614,1000,614,1
2008/06/19,584,584,584,584,1000,584,1
2008/06/20,584,584,584,584,1000,584,1
2008/06/24,580,600,580,600,5000,600,1
2008/06/25,610,610,600,600,12000,600,1
2008/06/26,601,601,600,600,5000,600,1
2008/06/27,600,600,540,540,26000,540,1
2008/06/30,550,550,550,550,1000,550,1
2008/07/02,559,559,550,550,2000,550,1
2008/07/04,549,549,549,549,2000,549,1
2008/07/08,549,549,549,549,5000,549,1
2008/07/09,540,540,540,540,3000,540,1
2008/07/10,539,539,539,539,6000,539,1
2008/07/17,520,520,520,520,1000,520,1
2008/07/18,530,530,530,530,2000,530,1
2008/07/22,530,530,530,530,7000,530,1
2008/07/23,540,540,540,540,2000,540,1
2008/07/28,534,534,534,534,3000,534,1
2008/08/01,543,543,543,543,1000,543,1
2008/08/06,493,503,493,503,6000,503,1
2008/08/12,530,530,530,530,5000,530,1
2008/08/18,539,539,539,539,1000,539,1
2008/08/22,510,510,510,510,1000,510,1
2008/08/25,509,509,509,509,1000,509,1
2008/08/26,509,509,492,492,9000,492,1
2008/08/27,490,490,490,490,7000,490,1
2008/09/01,495,495,495,495,1000,495,1
2008/09/09,509,514,509,514,2000,514,1
2008/09/10,504,504,504,504,6000,504,1
2008/09/11,500,500,500,500,1000,500,1
2008/09/19,530,530,530,530,1000,530,1
2008/09/24,530,530,530,530,2000,530,1
2008/09/26,470,470,470,470,1000,470,1
2008/09/29,470,470,470,470,1000,470,1
2008/10/02,460,460,460,460,1000,460,1
2008/10/10,426,426,426,426,7000,426,1
2008/10/17,410,410,400,400,8000,400,1
2008/10/20,427,427,427,427,2000,427,1
2008/10/27,400,400,400,400,4000,400,1
2008/10/30,390,390,390,390,3000,390,1
2008/10/31,390,390,390,390,1000,390,1
2008/11/10,390,390,390,390,8000,390,1
2008/11/14,389,389,389,389,2000,389,1
2008/11/17,390,390,389,389,10000,389,1
2008/11/18,389,389,389,389,4000,389,1
2008/11/19,389,389,389,389,1000,389,1
2008/11/20,389,389,380,380,3000,380,1
2008/11/21,380,380,378,378,4000,378,1
2008/11/28,400,400,400,400,3000,400,1
2008/12/01,390,390,390,390,1000,390,1
2008/12/02,390,390,390,390,2000,390,1
2008/12/05,390,395,390,395,4000,395,1
2008/12/08,400,400,395,395,5000,395,1
2008/12/09,395,395,395,395,1000,395,1
2008/12/10,395,395,395,395,10000,395,1
2008/12/15,405,405,405,405,3000,405,1
2008/12/16,405,405,405,405,1000,405,1
2008/12/17,405,405,405,405,1000,405,1
2008/12/18,486,486,486,486,2000,486,1
2008/12/19,500,500,500,500,3000,500,1
2008/12/22,500,500,500,500,1000,500,1
2008/12/26,500,500,500,500,3000,500,1
2009/01/06,499,499,499,499,3000,499,1
2009/01/07,499,499,499,499,5000,499,1
2009/01/08,499,499,498,498,6000,498,1
2009/01/09,498,498,498,498,1000,498,1
2009/01/13,495,495,495,495,8000,495,1
2009/01/14,495,495,495,495,1000,495,1
2009/01/15,493,493,493,493,1000,493,1
2009/01/16,492,492,492,492,1000,492,1
2009/01/19,490,490,488,488,4000,488,1
2009/01/20,488,488,488,488,1000,488,1
2009/01/21,485,485,485,485,1000,485,1
2009/01/22,415,415,415,415,1000,415,1
2009/01/23,420,420,420,420,1000,420,1
2009/01/27,434,434,434,434,1000,434,1
2009/01/29,460,460,430,430,4000,430,1
2009/01/30,455,455,425,425,2000,425,1
2009/02/02,395,395,390,390,2000,390,1
2009/02/04,365,365,365,365,1000,365,1
2009/02/05,365,365,365,365,2000,365,1
2009/02/06,366,366,365,365,4000,365,1
2009/02/10,376,392,376,392,7000,392,1
2009/02/12,397,397,397,397,7000,397,1
2009/02/16,397,397,397,397,1000,397,1
2009/02/17,397,397,397,397,1000,397,1
2009/02/18,407,407,407,407,2000,407,1
2009/02/19,402,402,402,402,1000,402,1
2009/02/20,401,401,376,376,2000,376,1
2009/02/23,377,377,376,376,4000,376,1
2009/02/24,377,377,376,376,2000,376,1
2009/02/25,376,376,376,376,1000,376,1
2009/02/26,376,376,376,376,3000,376,1
2009/03/02,390,390,390,390,1000,390,1
2009/03/03,390,390,390,390,1000,390,1
2009/03/04,400,400,390,390,2000,390,1
2009/03/05,390,390,390,390,1000,390,1
2009/03/09,390,390,390,390,1000,390,1
2009/03/10,395,395,395,395,1000,395,1
2009/03/11,414,414,414,414,3000,414,1
2009/03/13,455,455,455,455,4000,455,1
2009/03/17,448,448,448,448,1000,448,1
2009/03/18,448,448,448,448,2000,448,1
2009/03/25,448,448,448,448,3000,448,1
2009/04/01,450,450,450,450,1000,450,1
2009/04/09,450,450,450,450,1000,450,1
2009/04/10,450,450,450,450,4000,450,1
2009/04/14,495,495,495,495,2000,495,1
2009/04/15,445,445,445,445,1000,445,1
2009/04/17,475,475,475,475,2000,475,1
2009/04/27,475,475,475,475,2000,475,1
2009/05/07,475,475,475,475,1000,475,1
2009/05/11,475,475,475,475,1000,475,1
2009/05/12,498,498,498,498,5000,498,1
2009/05/18,550,550,550,550,2000,550,1
2009/05/26,516,516,516,516,3000,516,1
2009/05/27,481,521,481,521,2000,521,1
2009/06/01,550,550,550,550,1000,550,1
2009/06/09,518,518,518,518,1000,518,1
2009/06/11,544,544,544,544,5000,544,1
2009/06/18,550,550,550,550,1000,550,1
2009/06/23,550,570,550,570,3000,570,1
2009/06/24,530,530,530,530,1000,530,1
2009/06/25,545,545,545,545,1000,545,1
2009/06/26,545,545,545,545,2000,545,1
2009/07/01,543,543,543,543,2600,543,1
2009/07/02,530,530,500,500,1700,500,1
2009/07/03,500,500,500,500,100,500,1
2009/07/06,502,520,500,520,1200,520,1
2009/07/07,535,535,535,535,800,535,1
2009/07/08,545,545,545,545,1400,545,1
2009/07/10,545,545,545,545,1600,545,1
2009/07/13,572,572,572,572,4100,572,1
2009/07/15,572,572,572,572,4500,572,1
2009/07/17,592,592,592,592,1000,592,1
2009/07/27,592,592,592,592,300,592,1
2009/07/28,609,609,609,609,1800,609,1
2009/07/29,600,600,600,600,100,600,1
2009/07/31,600,600,530,530,2700,530,1
2009/08/03,540,540,540,540,100,540,1
2009/08/04,530,545,530,545,1300,545,1
2009/08/10,545,545,545,545,1900,545,1
2009/08/11,572,590,572,590,900,590,1
2009/08/12,609,609,609,609,2900,609,1
2009/08/13,529,529,529,529,100,529,1
2009/08/14,600,600,537,547,4500,547,1
2009/08/17,547,547,547,547,100,547,1
2009/08/18,597,597,597,597,1000,597,1
2009/08/21,539,559,539,559,200,559,1
2009/08/24,519,539,519,539,1300,539,1
2009/08/25,532,539,532,539,300,539,1
2009/08/26,540,540,540,540,100,540,1
2009/08/27,556,556,556,556,400,556,1
2009/08/31,589,589,589,589,900,589,1
2009/09/01,539,549,539,539,2300,539,1
2009/09/08,539,549,539,549,200,549,1
2009/09/10,549,550,549,550,4600,550,1
2009/09/11,577,577,577,577,1600,577,1
2009/09/15,550,550,550,550,100,550,1
2009/09/17,560,560,540,560,900,560,1
2009/09/18,600,607,560,560,1200,560,1
2009/09/24,560,560,560,560,2500,560,1
2009/10/02,516,520,516,520,2000,520,1
2009/10/05,520,520,520,520,100,520,1
2009/10/06,520,520,520,520,1000,520,1
2009/10/07,530,530,530,530,2000,530,1
2009/10/13,563,563,563,563,5000,563,1
2009/10/14,550,550,550,550,1000,550,1
2009/10/19,550,550,550,550,1000,550,1
2009/10/21,530,530,530,530,400,530,1
2009/10/22,530,550,530,550,2300,550,1
2009/10/26,547,547,547,547,2400,547,1
2009/10/30,520,520,500,500,2000,500,1
2009/11/02,503,506,503,506,1000,506,1
2009/11/05,520,520,520,520,2000,520,1
2009/11/06,530,530,530,530,100,530,1
2009/11/09,530,530,530,530,100,530,1
2009/11/10,530,530,530,530,5400,530,1
2009/11/17,510,510,510,510,700,510,1
2009/11/18,525,525,525,525,1000,525,1
2009/11/20,510,510,510,510,600,510,1
2009/11/24,510,519,510,519,200,519,1
2009/11/26,519,519,499,499,3600,499,1
2009/11/27,494,494,490,490,1200,490,1
2009/11/30,491,491,491,491,100,491,1
2009/12/02,495,495,495,495,1100,495,1
2009/12/07,495,520,495,520,1200,520,1
2009/12/08,535,535,535,535,2900,535,1
2009/12/09,535,545,535,545,1000,545,1
2009/12/10,545,545,545,545,5000,545,1
2009/12/14,545,545,545,545,3200,545,1
2009/12/15,550,550,550,550,1700,550,1
2009/12/18,550,550,550,550,1000,550,1
2009/12/21,550,550,550,550,2000,550,1
2009/12/28,550,550,550,550,1800,550,1
2009/12/29,566,566,566,566,600,566,1
2009/12/30,570,570,570,570,200,570,1
2010/01/05,570,570,570,570,500,570,1
2010/01/12,570,570,550,550,5600,550,1
2010/01/14,550,550,550,550,100,550,1
2010/01/18,570,570,570,570,1000,570,1
2010/01/25,526,540,526,540,3300,540,1
2010/01/26,540,540,515,515,2900,515,1
2010/01/27,508,509,500,500,800,500,1
2010/01/28,510,510,510,510,100,510,1
2010/02/01,530,530,508,508,1100,508,1
2010/02/02,510,510,500,501,4100,501,1
2010/02/04,490,490,490,490,3100,490,1
2010/02/08,490,500,490,500,500,500,1
2010/02/09,511,511,510,511,700,511,1
2010/02/10,511,511,511,511,5800,511,1
2010/02/18,519,519,519,519,1000,519,1
2010/02/23,505,515,495,515,1800,515,1
2010/02/25,515,515,515,515,200,515,1
2010/02/26,515,515,515,515,2500,515,1
2010/03/01,515,515,515,515,200,515,1
2010/03/04,513,513,513,513,500,513,1
2010/03/09,515,530,515,530,4100,530,1
2010/03/10,513,513,513,513,5400,513,1
2010/03/17,513,513,513,513,200,513,1
2010/03/18,530,530,530,530,1000,530,1
2010/03/23,510,512,510,512,1000,512,1
2010/03/24,512,512,512,512,200,512,1
2010/03/26,512,512,512,512,2700,512,1
2010/03/30,509,510,509,510,1500,510,1
2010/03/31,512,512,502,502,1800,502,1
2010/04/01,512,512,512,512,500,512,1
2010/04/07,512,512,503,503,500,503,1
2010/04/08,511,525,511,525,8600,525,1
2010/04/09,525,525,525,525,400,525,1
2010/04/12,525,527,525,527,5700,527,1
2010/04/16,529,529,529,529,1000,529,1
2010/04/26,529,529,529,529,3500,529,1
2010/04/27,520,520,520,520,500,520,1
2010/04/30,520,520,520,520,200,520,1
2010/05/06,590,590,530,530,2600,530,1
2010/05/07,535,535,535,535,100,535,1
2010/05/10,535,535,535,535,3700,535,1
2010/05/11,530,530,530,530,1600,530,1
2010/05/12,482,498,482,498,4300,498,1
2010/05/14,515,515,515,515,100,515,1
2010/05/18,514,514,514,514,1000,514,1
2010/05/24,510,510,510,510,100,510,1
2010/05/25,510,525,510,525,1500,525,1
2010/05/26,525,525,525,525,2600,525,1
2010/06/01,525,525,525,525,500,525,1
2010/06/03,510,510,510,510,400,510,1
2010/06/04,500,500,500,500,100,500,1
2010/06/07,500,500,500,500,400,500,1
2010/06/08,500,500,500,500,100,500,1
2010/06/09,502,502,502,502,100,502,1
2010/06/10,523,525,503,525,3200,525,1
2010/06/11,551,551,551,551,5300,551,1
2010/06/15,500,500,500,500,500,500,1
2010/06/18,500,500,500,500,400,500,1
2010/06/22,500,500,500,500,300,500,1
2010/06/23,500,500,500,500,8200,500,1
2010/06/24,520,520,520,520,100,520,1
2010/06/28,520,520,520,520,2400,520,1
2010/07/02,520,520,500,500,3800,500,1
2010/07/06,505,515,505,515,1300,515,1
2010/07/07,515,515,515,515,2200,515,1
2010/07/08,515,515,512,512,500,512,1
2010/07/09,535,535,525,535,300,535,1
2010/07/12,535,535,535,535,5700,535,1
2010/07/13,525,525,525,525,100,525,1
2010/07/14,525,525,525,525,4000,525,1
2010/07/16,625,625,625,625,400,625,1
2010/07/21,530,530,501,501,2000,501,1
2010/07/22,502,502,502,502,500,502,1
2010/07/23,538,538,538,538,100,538,1
2010/07/26,538,538,538,538,2300,538,1
2010/07/29,510,510,510,510,1100,510,1
2010/07/30,600,600,600,600,500,600,1
2010/08/10,589,589,589,589,4800,589,1
2010/08/11,589,600,580,580,1100,580,1
2010/08/18,600,600,600,600,400,600,1
2010/08/25,579,579,579,579,100,579,1
2010/08/26,580,580,579,579,2500,579,1
2010/08/30,549,549,549,549,1000,549,1
2010/09/01,560,560,549,549,600,549,1
2010/09/07,549,549,549,549,200,549,1
2010/09/08,550,550,550,550,100,550,1
2010/09/09,550,550,550,550,100,550,1
2010/09/10,559,559,550,550,5300,550,1
2010/09/14,530,530,530,530,100,530,1
2010/09/15,525,525,525,525,1100,525,1
2010/09/16,525,525,525,525,1500,525,1
2010/09/17,525,525,525,525,600,525,1
2010/09/22,528,545,528,545,300,545,1
2010/09/27,525,525,525,525,2200,525,1
2010/10/01,526,526,526,526,900,526,1
2010/10/04,526,526,526,526,100,526,1
2010/10/07,516,516,516,516,100,516,1
2010/10/08,526,556,526,556,3300,556,1
2010/10/12,556,556,518,523,5400,523,1
2010/10/14,523,523,523,523,100,523,1
2010/10/15,524,524,524,524,100,524,1
2010/10/18,527,547,527,547,800,547,1
2010/10/25,533,533,533,533,200,533,1
2010/10/26,533,533,533,533,2200,533,1
2010/10/27,514,527,514,527,1200,527,1
2010/11/01,545,545,545,545,500,545,1
2010/11/05,525,525,525,525,200,525,1
2010/11/08,525,525,525,525,200,525,1
2010/11/09,520,530,520,530,1800,530,1
2010/11/10,530,530,530,530,5300,530,1
2010/11/12,521,521,520,520,200,520,1
2010/11/18,520,520,510,512,2000,512,1
2010/11/22,502,504,502,504,200,504,1
2010/11/24,504,504,504,504,200,504,1
2010/11/25,504,504,504,504,100,504,1
2010/11/26,504,505,500,500,3800,500,1
2010/11/29,500,500,500,500,100,500,1
2010/11/30,500,500,500,500,100,500,1
2010/12/01,506,506,506,506,100,506,1
2010/12/02,506,518,506,518,3500,518,1
2010/12/03,518,518,518,518,100,518,1
2010/12/06,518,518,510,510,2300,510,1
2010/12/08,506,510,506,510,2300,510,1
2010/12/09,510,510,500,510,1500,510,1
2010/12/10,504,504,504,504,5200,504,1
2010/12/13,478,494,478,494,500,494,1
2010/12/14,494,494,494,494,300,494,1
2010/12/16,503,503,503,503,3000,503,1
2010/12/17,503,503,493,493,6200,493,1
2010/12/20,493,493,493,493,100,493,1
2010/12/22,493,493,493,493,200,493,1
2010/12/24,486,486,486,486,700,486,1
2010/12/27,491,491,491,491,200,491,1
2010/12/28,505,505,505,505,500,505,1
2010/12/29,520,520,520,520,100,520,1
2010/12/30,535,535,510,510,2300,510,1
2011/01/04,610,610,549,549,800,549,1
2011/01/06,520,550,519,550,2700,550,1
2011/01/07,530,540,530,540,2500,540,1
2011/01/11,540,540,540,540,5100,540,1
2011/01/13,540,540,540,540,1900,540,1
2011/01/14,540,540,520,520,700,520,1
2011/01/18,599,599,599,599,600,599,1
2011/01/20,580,580,580,580,100,580,1
2011/01/24,526,526,525,525,1200,525,1
2011/01/25,525,550,525,550,800,550,1
2011/01/26,550,550,520,521,4600,521,1
2011/01/27,515,515,512,512,300,512,1
2011/01/28,513,513,512,512,800,512,1
2011/01/31,512,530,512,530,300,530,1
2011/02/01,530,530,530,530,500,530,1
2011/02/08,528,535,528,535,600,535,1
2011/02/09,535,535,535,535,100,535,1
2011/02/10,535,535,535,535,3800,535,1
2011/02/14,561,561,561,561,1300,561,1
2011/02/15,537,537,537,537,200,537,1
2011/02/16,536,536,536,536,200,536,1
2011/02/18,560,560,540,540,800,540,1
2011/02/21,540,540,540,540,100,540,1
2011/02/23,538,538,538,538,100,538,1
2011/02/25,538,540,538,540,400,540,1
2011/02/28,540,550,540,550,1400,550,1
2011/03/01,566,566,566,566,1900,566,1
2011/03/04,550,550,550,550,400,550,1
2011/03/07,565,588,545,545,16400,545,1
2011/03/08,549,549,545,545,200,545,1
2011/03/09,546,546,530,540,2300,540,1
2011/03/10,540,540,535,539,5600,539,1
2011/03/11,539,540,539,540,400,540,1
2011/03/14,505,505,458,464,6900,464,1
2011/03/16,464,464,424,431,2400,431,1
2011/03/17,424,424,401,411,700,411,1
2011/03/18,459,459,459,459,700,459,1
2011/03/22,517,517,517,517,1000,517,1
2011/03/23,517,530,517,530,1200,530,1
2011/03/28,529,529,529,529,2500,529,1
2011/03/31,515,515,515,515,100,515,1
2011/04/01,519,519,515,515,600,515,1
2011/04/05,513,515,513,515,500,515,1
2011/04/11,508,508,482,485,9700,485,1
2011/04/12,485,485,483,485,700,485,1
2011/04/13,489,504,480,504,1400,504,1
2011/04/15,504,504,504,504,800,504,1
2011/04/18,500,500,500,500,600,500,1
2011/04/19,490,490,482,482,300,482,1
2011/04/20,485,500,480,500,15400,500,1
2011/04/21,510,550,510,550,5600,550,1
2011/04/22,550,650,545,650,34800,650,1
2011/04/25,700,742,578,600,44700,600,1
2011/04/26,550,556,522,530,36000,530,1
2011/04/27,520,524,506,520,15300,520,1
2011/04/28,520,520,495,503,13300,503,1
2011/05/02,511,522,510,515,5700,515,1
2011/05/06,512,517,500,504,4100,504,1
2011/05/09,520,540,510,520,14900,520,1
2011/05/10,521,540,521,528,4800,528,1
2011/05/11,548,548,524,530,11000,530,1
2011/05/12,521,530,520,530,6900,530,1
2011/05/13,512,512,502,504,2300,504,1
2011/05/16,500,500,480,480,3400,480,1
2011/05/17,480,480,460,470,8000,470,1
2011/05/18,486,486,480,483,1500,483,1
2011/05/19,483,490,483,490,400,490,1
2011/05/20,475,480,474,478,1600,478,1
2011/05/23,478,478,474,474,500,474,1
2011/05/24,471,472,465,465,1600,465,1
2011/05/25,465,465,465,465,700,465,1
2011/05/26,473,473,473,473,300,473,1
2011/05/27,484,484,484,484,2900,484,1
2011/05/30,484,484,484,484,200,484,1
2011/05/31,486,486,486,486,400,486,1
2011/06/01,493,493,493,493,500,493,1
2011/06/03,492,493,492,493,700,493,1
2011/06/06,485,498,485,486,1800,486,1
2011/06/07,490,490,480,485,700,485,1
2011/06/10,487,500,487,500,3800,500,1
2011/06/13,509,509,483,483,8500,483,1
2011/06/14,483,490,483,490,400,490,1
2011/06/15,480,485,480,485,3700,485,1
2011/06/16,485,485,482,482,500,482,1
2011/06/17,485,490,485,489,1400,489,1
2011/06/20,489,489,489,489,100,489,1
2011/06/22,484,484,481,481,300,481,1
2011/06/23,483,485,483,485,300,485,1
2011/06/24,491,505,485,505,1000,505,1
2011/06/27,505,505,500,500,2800,500,1
2011/06/28,490,491,490,491,200,491,1
2011/06/29,495,495,493,493,400,493,1
2011/06/30,495,499,495,499,700,499,1
2011/07/01,510,510,500,509,2100,509,1
2011/07/04,514,514,514,514,3600,514,1
2011/07/05,514,514,514,514,2300,514,1
2011/07/06,513,514,513,514,700,514,1
2011/07/07,514,535,514,531,4600,531,1
2011/07/08,557,574,525,540,6300,540,1
2011/07/11,545,550,540,550,2700,550,1
2011/07/12,576,576,536,540,3800,540,1
2011/07/13,520,530,520,530,5000,530,1
2011/07/14,510,510,510,510,100,510,1
2011/07/19,520,520,520,520,600,520,1
2011/07/21,518,518,518,518,500,518,1
2011/07/22,518,518,518,518,200,518,1
2011/07/25,520,520,505,505,2600,505,1
2011/07/26,506,506,505,505,2400,505,1
2011/07/27,520,520,503,503,1900,503,1
2011/07/29,500,500,500,500,2500,500,1
2011/08/01,516,516,516,516,500,516,1
2011/08/02,506,506,506,506,100,506,1
2011/08/03,506,506,501,501,600,501,1
2011/08/04,503,505,496,496,1100,496,1
2011/08/05,491,491,491,491,800,491,1
2011/08/08,492,492,490,490,2700,490,1
2011/08/09,475,500,475,500,600,500,1
2011/08/10,501,503,500,500,6100,500,1
2011/08/11,490,490,490,490,900,490,1
2011/08/12,482,482,482,482,200,482,1
2011/08/15,488,490,488,490,700,490,1
2011/08/18,497,497,480,490,3400,490,1
2011/08/22,482,495,482,495,2500,495,1
2011/08/24,500,505,500,505,500,505,1
2011/08/25,505,515,505,515,200,515,1
2011/08/26,515,515,495,503,3300,503,1
2011/08/31,500,500,500,500,300,500,1
2011/09/01,522,522,502,502,1300,502,1
2011/09/05,510,510,495,500,1400,500,1
2011/09/07,520,520,520,520,100,520,1
2011/09/08,510,510,504,504,300,504,1
2011/09/09,515,515,515,515,100,515,1
2011/09/12,513,513,500,500,6400,500,1
2011/09/13,498,500,497,500,1100,500,1
2011/09/14,486,486,486,486,1000,486,1
2011/09/16,500,500,500,500,1700,500,1
2011/09/21,500,511,500,511,200,511,1
2011/09/22,501,520,501,520,500,520,1
2011/09/26,520,520,520,520,2500,520,1
2011/09/30,519,519,509,509,700,509,1
2011/10/03,499,499,499,499,1000,499,1
2011/10/04,499,499,499,499,100,499,1
2011/10/05,500,500,500,500,400,500,1
2011/10/06,513,513,513,513,100,513,1
2011/10/07,503,515,497,515,500,515,1
2011/10/11,515,515,515,515,3600,515,1
2011/10/12,540,542,540,542,2200,542,1
2011/10/13,525,525,522,522,200,522,1
2011/10/14,527,536,525,536,400,536,1
2011/10/18,545,545,545,545,700,545,1
2011/10/19,530,530,530,530,100,530,1
2011/10/20,530,530,530,530,100,530,1
2011/10/24,523,530,513,530,400,530,1
2011/10/25,510,517,510,516,900,516,1
2011/10/27,531,540,531,531,3000,531,1
2011/10/31,549,549,549,549,400,549,1
2011/11/01,579,579,579,579,400,579,1
2011/11/02,565,570,565,570,1200,570,1
2011/11/04,550,550,550,550,500,550,1
2011/11/08,546,546,546,546,100,546,1
2011/11/09,540,540,540,540,100,540,1
2011/11/10,540,540,540,540,5100,540,1
2011/11/17,545,545,545,545,100,545,1
2011/11/18,530,530,510,520,900,520,1
2011/11/21,500,500,500,500,400,500,1
2011/11/22,500,500,500,500,100,500,1
2011/11/28,502,502,502,502,100,502,1
2011/11/29,520,520,520,520,200,520,1
2011/11/30,535,535,535,535,3000,535,1
2011/12/01,535,535,535,535,100,535,1
2011/12/02,550,550,550,550,400,550,1
2011/12/09,550,550,525,525,2600,525,1
2011/12/12,525,530,525,525,6100,525,1
2011/12/13,515,515,515,515,1100,515,1
2011/12/15,531,531,531,531,100,531,1
2011/12/16,560,570,546,570,3300,570,1
2011/12/19,523,530,520,530,2500,530,1
2011/12/20,530,530,530,530,100,530,1
2011/12/21,556,557,556,557,900,557,1
2011/12/22,584,600,584,600,2400,600,1
2011/12/26,600,610,600,600,5200,600,1
2011/12/27,618,618,618,618,600,618,1
2011/12/30,580,580,580,580,600,580,1
2012/01/04,572,580,572,578,600,578,1
2012/01/06,568,580,568,580,700,580,1
2012/01/10,580,581,570,570,5600,570,1
2012/01/13,542,552,530,530,6200,530,1
2012/01/17,540,540,540,540,3000,540,1
2012/01/18,538,538,538,538,1000,538,1
2012/01/20,531,540,530,540,600,540,1
2012/01/23,530,530,525,530,1700,530,1
2012/01/25,530,530,530,530,1700,530,1
2012/01/26,540,540,540,540,200,540,1
2012/01/27,549,550,540,550,3600,550,1
2012/01/30,540,540,530,530,700,530,1
2012/01/31,532,532,531,531,500,531,1
2012/02/01,541,541,525,528,1600,528,1
2012/02/02,527,527,525,525,500,525,1
2012/02/03,525,545,525,545,2500,545,1
2012/02/06,535,545,535,545,600,545,1
2012/02/07,540,540,540,540,300,540,1
2012/02/09,543,549,543,549,500,549,1
2012/02/10,548,548,547,548,5400,548,1
2012/02/13,530,530,510,520,1600,520,1
2012/02/14,530,530,530,530,500,530,1
2012/02/17,530,530,526,526,2200,526,1
2012/02/20,525,525,522,522,3700,522,1
2012/02/22,529,529,529,529,100,529,1
2012/02/24,550,550,539,539,400,539,1
2012/02/27,538,538,537,537,3100,537,1
2012/02/28,537,537,537,537,1000,537,1
2012/03/02,544,544,544,544,400,544,1
2012/03/06,537,545,537,545,700,545,1
2012/03/07,541,545,541,545,200,545,1
2012/03/08,544,544,544,544,300,544,1
2012/03/09,537,547,537,547,4500,547,1
2012/03/12,542,542,537,537,5400,537,1
2012/03/14,530,530,530,530,2000,530,1
2012/03/15,532,532,532,532,100,532,1
2012/03/16,534,534,524,526,5600,526,1
2012/03/19,530,530,521,521,5500,521,1
2012/03/21,523,525,523,525,200,525,1
2012/03/22,529,530,529,530,1400,530,1
2012/03/23,525,530,525,530,1100,530,1
2012/03/26,530,538,530,533,3500,533,1
2012/03/27,537,537,517,527,2900,527,1
2012/03/28,529,529,527,529,300,529,1
2012/03/29,525,525,525,525,300,525,1
2012/03/30,529,529,523,523,1000,523,1
2012/04/02,524,530,520,530,3800,530,1
2012/04/03,525,526,520,525,4300,525,1
2012/04/04,524,524,520,520,200,520,1
2012/04/05,522,522,522,522,100,522,1
2012/04/09,532,532,528,532,800,532,1
2012/04/10,532,532,532,532,5300,532,1
2012/04/11,512,520,512,520,5400,520,1
2012/04/16,524,524,524,524,100,524,1
2012/04/17,524,524,524,524,100,524,1
2012/04/18,528,528,510,510,900,510,1
2012/04/19,520,520,520,520,2000,520,1
2012/04/20,517,517,517,517,100,517,1
2012/04/23,511,511,511,511,100,511,1
2012/04/24,517,517,517,517,100,517,1
2012/04/25,520,520,520,520,2100,520,1
2012/04/26,522,522,522,522,100,522,1
2012/04/27,537,537,537,537,3100,537,1
2012/05/01,529,529,529,529,100,529,1
2012/05/02,526,530,526,530,500,530,1
2012/05/07,530,530,515,515,1300,515,1
2012/05/08,520,525,520,525,1700,525,1
2012/05/09,523,523,515,515,600,515,1
2012/05/10,515,515,515,515,400,515,1
2012/05/11,523,523,523,523,5100,523,1
2012/05/14,505,524,505,524,1900,524,1
2012/05/15,507,507,507,507,1000,507,1
2012/05/16,524,524,524,524,100,524,1
2012/05/18,524,524,524,524,600,524,1
2012/05/21,510,511,510,511,2000,511,1
2012/05/22,517,517,515,515,300,515,1
2012/05/23,505,505,505,505,600,505,1
2012/05/25,508,508,508,508,200,508,1
2012/05/28,507,507,507,507,100,507,1
2012/05/30,524,524,524,524,2000,524,1
2012/05/31,524,524,524,524,1400,524,1
2012/06/01,523,523,512,512,1500,512,1
2012/06/04,512,515,512,515,400,515,1
2012/06/05,515,515,515,515,100,515,1
2012/06/07,524,524,524,524,1600,524,1
2012/06/08,523,524,520,522,4500,522,1
2012/06/11,522,522,522,522,7500,522,1
2012/06/12,522,522,516,516,2500,516,1
2012/06/14,516,516,516,516,2000,516,1
2012/06/15,517,526,517,526,200,526,1
2012/06/18,528,528,526,526,800,526,1
2012/06/20,520,520,520,520,100,520,1
2012/06/21,525,526,524,524,1000,524,1
2012/06/22,525,525,525,525,1000,525,1
2012/06/25,530,530,530,530,1000,530,1
2012/06/26,530,530,530,530,4600,530,1
2012/06/28,538,538,538,538,400,538,1
2012/06/29,538,538,538,538,3000,538,1
2012/07/02,540,540,540,540,500,540,1
2012/07/03,550,557,548,548,1700,548,1
2012/07/04,575,575,575,575,4800,575,1
2012/07/05,575,580,575,575,3500,575,1
2012/07/06,565,565,550,560,2400,560,1
2012/07/10,560,575,560,575,1900,575,1
2012/07/11,599,599,580,580,4000,580,1
2012/07/12,575,575,575,575,400,575,1
2012/07/17,575,600,575,585,1400,585,1
2012/07/18,560,560,560,560,400,560,1
2012/07/19,580,580,580,580,600,580,1
2012/07/23,563,563,560,560,600,560,1
2012/07/24,563,563,550,550,500,550,1
2012/07/27,566,566,566,566,200,566,1
2012/07/30,580,580,580,580,3000,580,1
2012/08/01,579,579,579,579,300,579,1
2012/08/03,570,570,570,570,200,570,1
2012/08/06,552,552,552,552,1000,552,1
2012/08/07,570,570,570,570,200,570,1
2012/08/08,570,570,570,570,100,570,1
2012/08/09,570,590,570,590,6400,590,1
2012/08/10,590,590,590,590,4600,590,1
2012/08/13,580,580,580,580,500,580,1
2012/08/14,580,580,580,580,100,580,1
2012/08/15,575,577,575,577,400,577,1
2012/08/17,580,580,579,580,1700,580,1
2012/08/21,574,574,573,573,200,573,1
2012/08/22,573,573,573,573,100,573,1
2012/08/27,573,573,573,573,500,573,1
2012/08/28,590,590,590,590,2600,590,1
2012/08/31,600,600,600,600,500,600,1
2012/09/03,580,580,575,575,400,575,1
2012/09/04,580,580,580,580,500,580,1
2012/09/05,590,590,577,577,700,577,1
2012/09/06,578,578,578,578,900,578,1
2012/09/07,575,576,575,576,300,576,1
2012/09/10,576,577,576,576,5200,576,1
2012/09/19,574,574,574,574,500,574,1
2012/09/20,564,566,564,565,2000,565,1
2012/09/24,565,565,565,565,400,565,1
2012/09/25,565,565,565,565,3800,565,1
2012/10/02,561,561,561,561,400,561,1
2012/10/03,553,553,550,550,1000,550,1
2012/10/04,542,542,542,542,100,542,1
2012/10/09,548,548,541,542,1600,542,1
2012/10/10,542,542,542,542,4900,542,1
2012/10/15,537,537,537,537,400,537,1
2012/10/16,547,547,537,537,9900,537,1
2012/10/18,547,547,508,510,14900,510,1
2012/10/19,512,514,512,514,200,514,1
2012/10/22,514,530,508,530,1500,530,1
2012/10/23,516,518,509,518,2100,518,1
2012/10/24,511,524,508,519,3400,519,1
2012/10/25,510,520,510,511,2000,511,1
2012/10/26,520,520,511,512,3700,512,1
2012/10/29,518,518,515,515,2800,515,1
2012/10/31,519,520,519,520,400,520,1
2012/11/01,530,530,530,530,500,530,1
2012/11/02,527,538,527,538,1200,538,1
2012/11/05,539,540,520,520,3800,520,1
2012/11/06,518,523,518,523,700,523,1
2012/11/07,519,519,519,519,1100,519,1
2012/11/09,519,519,519,519,100,519,1
2012/11/12,520,528,520,528,600,528,1
2012/11/13,526,526,514,514,6300,514,1
2012/11/14,515,519,515,519,400,519,1
2012/11/15,518,518,518,518,300,518,1
2012/11/16,520,520,519,519,700,519,1
2012/11/19,520,520,520,520,200,520,1
2012/11/22,519,524,519,523,700,523,1
2012/11/26,523,529,523,529,1100,529,1
2012/11/27,544,544,544,544,3500,544,1
2012/11/28,534,534,530,530,600,530,1
2012/11/29,530,530,527,527,800,527,1
2012/11/30,535,535,530,530,500,530,1
2012/12/03,546,550,527,527,6100,527,1
2012/12/04,529,537,527,532,2900,532,1
2012/12/05,532,532,532,532,100,532,1
2012/12/06,534,534,530,530,700,530,1
2012/12/07,533,535,533,535,900,535,1
2012/12/10,535,535,535,535,3500,535,1
2012/12/11,555,555,555,555,1700,555,1
2012/12/12,555,555,540,540,3500,540,1
2012/12/13,544,544,535,535,9000,535,1
2012/12/14,535,535,535,535,100,535,1
2012/12/17,535,535,535,535,5200,535,1
2012/12/18,535,537,535,537,3800,537,1
2012/12/19,540,540,540,540,800,540,1
2012/12/20,541,542,540,542,1200,542,1
2012/12/21,544,544,544,544,400,544,1
2012/12/25,543,543,537,537,400,537,1
2012/12/26,538,545,538,545,600,545,1
2012/12/27,561,561,561,561,2100,561,1
2012/12/28,577,577,577,577,1200,577,1
2013/01/04,579,580,579,580,500,580,1
2013/01/07,594,610,580,610,2600,610,1
2013/01/08,590,590,590,590,100,590,1
2013/01/09,599,599,599,599,100,599,1
2013/01/10,599,599,599,599,4500,599,1
2013/01/11,586,586,581,581,400,581,1
2013/01/15,584,585,584,585,900,585,1
2013/01/16,581,581,575,575,700,575,1
2013/01/17,576,576,576,576,100,576,1
2013/01/18,580,580,578,578,1000,578,1
2013/01/21,580,580,562,562,3600,562,1
2013/01/22,570,570,563,563,900,563,1
2013/01/23,565,568,563,563,3100,563,1
2013/01/24,567,567,567,567,100,567,1
2013/01/25,568,570,566,566,800,566,1
2013/01/28,566,572,562,564,9500,564,1
2013/01/29,564,572,564,572,600,572,1
2013/01/30,572,572,572,572,200,572,1
2013/01/31,575,575,575,575,300,575,1
2013/02/01,584,584,571,571,2600,571,1
2013/02/04,573,576,571,576,1600,576,1
2013/02/05,576,578,573,577,3300,577,1
2013/02/06,580,590,580,590,4000,590,1
2013/02/07,599,600,590,590,2700,590,1
2013/02/08,609,610,570,580,3200,580,1
2013/02/12,586,594,586,587,12000,587,1
2013/02/13,597,600,581,600,11400,600,1
2013/02/14,580,580,568,570,11700,570,1
2013/02/15,575,578,568,578,500,578,1
2013/02/18,579,585,561,561,4100,561,1
2013/02/19,570,572,567,567,1400,567,1
2013/02/20,563,579,563,570,3900,570,1
2013/02/21,579,579,579,579,1200,579,1
2013/02/22,590,590,590,590,1500,590,1
2013/02/25,590,600,590,600,1300,600,1
2013/02/26,600,600,600,600,3200,600,1
2013/02/27,605,605,605,605,500,605,1
2013/02/28,609,609,582,600,2000,600,1
2013/03/01,591,591,591,591,200,591,1
2013/03/04,602,602,602,602,1100,602,1
2013/03/05,602,609,602,607,700,607,1
2013/03/06,603,603,602,602,400,602,1
2013/03/07,608,615,608,615,3200,615,1
2013/03/08,617,626,617,625,2300,625,1
2013/03/11,630,630,610,620,6600,620,1
2013/03/12,630,630,618,618,300,618,1
2013/03/13,623,630,623,630,1400,630,1
2013/03/14,629,629,629,629,100,629,1
2013/03/15,625,665,600,665,4400,665,1
2013/03/18,671,750,671,702,18600,702,1
2013/03/19,687,735,687,735,7900,735,1
2013/03/21,730,735,721,725,2100,725,1
2013/03/22,725,725,711,711,1000,711,1
2013/03/25,719,725,680,680,2400,680,1
2013/03/26,681,693,681,693,700,693,1
2013/03/27,713,713,695,695,3800,695,1
2013/03/28,700,730,680,685,5700,685,1
2013/03/29,685,685,680,685,1300,685,1
2013/04/01,705,705,670,670,1600,670,1
2013/04/02,655,655,650,650,900,650,1
2013/04/03,650,650,650,650,100,650,1
2013/04/04,651,651,651,651,500,651,1
2013/04/05,685,745,666,684,12100,684,1
2013/04/08,684,684,667,680,1700,680,1
2013/04/09,682,697,681,697,1200,697,1
2013/04/10,697,697,697,697,4500,697,1
2013/04/11,700,715,699,700,3700,700,1
2013/04/12,700,700,691,691,700,691,1
2013/04/15,691,691,671,671,1400,671,1
2013/04/16,671,671,671,671,200,671,1
2013/04/17,700,700,700,700,300,700,1
2013/04/18,700,700,697,698,900,698,1
2013/04/19,696,699,695,699,800,699,1
2013/04/22,690,710,690,710,2200,710,1
2013/04/23,701,710,698,698,2700,698,1
2013/04/24,710,715,700,700,4500,700,1
2013/04/25,718,718,705,718,3000,718,1
2013/04/26,718,718,718,718,4800,718,1
2013/04/30,719,720,711,719,4900,719,1
2013/05/01,720,725,720,720,1600,720,1
2013/05/02,712,719,710,719,2000,719,1
2013/05/07,720,720,705,710,5000,710,1
2013/05/08,715,715,706,706,2200,706,1
2013/05/09,720,856,710,850,44600,850,1
2013/05/10,845,845,750,780,30400,780,1
2013/05/13,791,840,790,810,28500,810,1
2013/05/14,819,819,781,783,13400,783,1
2013/05/15,835,835,761,761,20600,761,1
2013/05/16,763,766,715,740,13200,740,1
2013/05/17,787,790,762,778,3500,778,1
2013/05/20,783,799,783,790,9500,790,1
2013/05/21,799,811,786,803,22000,803,1
2013/05/22,803,803,785,800,6900,800,1
2013/05/23,789,789,750,769,14600,769,1
2013/05/24,754,772,751,752,5600,752,1
2013/05/27,752,767,752,767,3600,767,1
2013/05/29,752,770,752,770,1900,770,1
2013/05/30,740,750,740,743,3000,743,1
2013/05/31,743,757,743,750,700,750,1
2013/06/03,745,745,742,742,300,742,1
2013/06/04,742,743,740,743,1100,743,1
2013/06/05,748,755,748,750,1700,750,1
2013/06/06,742,755,722,722,600,722,1
2013/06/07,720,720,700,700,6000,700,1
2013/06/10,712,720,712,720,700,720,1
2013/06/11,739,739,718,720,6000,720,1
2013/06/12,700,711,699,710,1600,710,1
2013/06/13,695,700,690,690,1600,690,1
2013/06/14,700,702,690,702,2400,702,1
2013/06/17,702,705,702,705,900,705,1
2013/06/18,710,715,691,715,2400,715,1
2013/06/19,710,710,691,691,3900,691,1
2013/06/20,708,708,708,708,1000,708,1
2013/06/21,735,735,695,714,2100,714,1
2013/06/24,714,714,702,702,200,702,1
2013/06/25,702,708,701,701,400,701,1
2013/06/26,703,710,690,690,5900,690,1
2013/06/27,665,690,665,690,300,690,1
2013/06/28,675,688,672,688,8000,688,1
2013/07/01,688,699,688,699,1000,699,1
2013/07/02,719,719,710,715,3200,715,1
2013/07/03,706,718,706,710,900,710,1
2013/07/04,714,720,714,720,4000,720,1
2013/07/05,741,745,741,743,4800,743,1
2013/07/08,765,765,746,746,7300,746,1
2013/07/09,756,758,756,758,500,758,1
2013/07/10,758,760,758,758,5500,758,1
2013/07/11,746,761,746,746,2000,746,1
2013/07/12,750,761,750,761,800,761,1
2013/07/16,770,780,760,760,5100,760,1
2013/07/17,767,781,767,781,9100,781,1
2013/07/18,816,816,790,794,15400,794,1
2013/07/19,798,798,770,770,3400,770,1
2013/07/22,777,777,770,770,2800,770,1
2013/07/23,782,782,776,776,1200,776,1
2013/07/24,770,770,766,766,1500,766,1
2013/07/25,761,761,761,761,200,761,1
2013/07/26,761,765,761,761,2000,761,1
2013/07/29,783,783,742,745,1100,745,1
2013/07/30,748,750,748,750,300,750,1
2013/07/31,735,735,725,725,2200,725,1
2013/08/01,759,759,750,750,500,750,1
2013/08/02,750,750,737,737,600,737,1
2013/08/05,750,750,750,750,100,750,1
2013/08/07,735,745,735,745,1300,745,1
2013/08/08,730,745,730,745,900,745,1
2013/08/09,745,748,733,742,1700,742,1
2013/08/12,742,770,700,700,11200,700,1
2013/08/13,700,702,650,702,3500,702,1
2013/08/14,710,710,710,710,600,710,1
2013/08/15,700,724,700,724,1600,724,1
2013/08/16,724,724,724,724,600,724,1
2013/08/20,700,705,695,705,1300,705,1
2013/08/21,690,690,680,690,3200,690,1
2013/08/22,685,685,685,685,600,685,1
2013/08/23,692,692,692,692,100,692,1
2013/08/26,702,702,702,702,3100,702,1
2013/08/27,690,690,690,690,500,690,1
2013/08/28,686,686,685,685,300,685,1
2013/08/29,681,682,676,682,700,682,1
2013/08/30,692,692,678,678,1000,678,1
2013/09/02,670,673,670,673,900,673,1
2013/09/03,670,688,670,688,2600,688,1
2013/09/04,690,690,683,688,1200,688,1
2013/09/05,680,690,680,690,2000,690,1
2013/09/06,692,692,692,692,700,692,1
2013/09/09,697,710,697,710,3900,710,1
2013/09/10,711,724,711,724,3200,724,1
2013/09/11,750,750,730,730,4600,730,1
2013/09/12,730,730,724,726,900,726,1
2013/09/13,716,735,716,735,800,735,1
2013/09/17,740,740,736,736,200,736,1
2013/09/18,740,740,725,725,1100,725,1
2013/09/19,745,745,745,745,400,745,1
2013/09/20,749,749,720,730,700,730,1
2013/09/24,730,733,730,730,400,730,1
2013/09/25,740,740,730,730,3100,730,1
2013/09/27,729,729,699,713,13800,713,1
2013/09/30,715,715,715,715,100,715,1
2013/10/02,720,720,720,720,300,720,1
2013/10/07,711,711,705,706,2600,706,1
2013/10/08,686,693,686,689,1600,689,1
2013/10/09,693,695,685,694,3600,694,1
2013/10/10,694,705,694,695,4500,695,1
2013/10/11,696,703,696,700,2300,700,1
2013/10/15,705,706,701,703,1400,703,1
2013/10/16,702,702,696,696,600,696,1
2013/10/17,796,796,796,796,11800,796,1
2013/10/18,790,830,781,811,49200,811,1
2013/10/21,810,890,799,860,35900,860,1
2013/10/22,858,868,821,865,16800,865,1
2013/10/23,842,842,813,815,13700,815,1
2013/10/24,815,865,815,858,13500,858,1
2013/10/25,858,858,835,855,4200,855,1
2013/10/28,860,860,847,847,2400,847,1
2013/10/29,856,856,838,838,4900,838,1
2013/10/30,853,853,853,853,1000,853,1
2013/10/31,851,853,836,837,1500,837,1
2013/11/01,837,840,811,811,6100,811,1
2013/11/05,821,822,804,804,3500,804,1
2013/11/06,806,814,805,811,1400,811,1
2013/11/07,815,820,815,815,2300,815,1
2013/11/08,813,823,809,823,5700,823,1
2013/11/11,839,840,818,833,22000,833,1
2013/11/12,833,850,825,850,12700,850,1
2013/11/13,845,845,815,815,6400,815,1
2013/11/14,825,919,824,870,26600,870,1
2013/11/15,875,875,851,856,6300,856,1
2013/11/18,850,860,773,818,41900,818,1
2013/11/19,818,819,801,806,12000,806,1
2013/11/20,818,818,813,813,2900,813,1
2013/11/21,813,815,810,810,2000,810,1
2013/11/22,816,825,816,825,7100,825,1
2013/11/25,830,843,830,843,4700,843,1
2013/11/26,852,852,842,850,4200,850,1
2013/11/27,842,850,831,841,2100,841,1
2013/11/28,850,850,833,837,8300,837,1
2013/11/29,835,835,830,832,1400,832,1
2013/12/02,840,873,840,873,10300,873,1
2013/12/03,870,874,863,872,14900,872,1
2013/12/04,880,883,873,880,14600,880,1
2013/12/05,895,934,895,929,32600,929,1
2013/12/06,914,924,910,924,17000,924,1
2013/12/09,931,966,931,942,13400,942,1
2013/12/10,944,944,920,936,12800,936,1
2013/12/11,921,934,916,934,10000,934,1
2013/12/12,919,932,919,925,5300,925,1
2013/12/13,944,944,920,920,5200,920,1
2013/12/16,950,952,922,926,14500,926,1
2013/12/17,950,952,910,915,14300,915,1
2013/12/18,929,929,895,907,7400,907,1
2013/12/19,896,902,895,897,9700,897,1
2013/12/20,902,928,902,912,35300,912,1
2013/12/24,930,940,912,919,39300,919,1
2013/12/25,919,931,919,930,11100,930,1
2013/12/26,949,990,940,968,16900,968,1
2013/12/27,983,983,957,961,8200,961,1
2013/12/30,956,971,945,970,5700,970,1
2014/01/06,965,979,957,976,10900,976,1
2014/01/07,984,1055,984,1050,35900,1050,1
2014/01/08,1065,1090,1020,1020,19300,1020,1
2014/01/09,1021,1022,1000,1005,11200,1005,1
2014/01/10,1005,1043,1005,1035,5100,1035,1
2014/01/14,1038,1049,1028,1049,9200,1049,1
2014/01/15,1067,1068,1038,1041,3800,1041,1
2014/01/16,1060,1060,984,1004,22000,1004,1
2014/01/17,1004,1026,999,1003,9300,1003,1
2014/01/20,1000,1015,998,1014,9800,1014,1
2014/01/21,1022,1035,1016,1030,6600,1030,1
2014/01/22,1034,1040,1016,1021,6900,1021,1
2014/01/23,1021,1027,1021,1027,2600,1027,1
2014/01/24,1025,1042,1018,1019,8000,1019,1
2014/01/27,991,991,961,980,8400,980,1
2014/01/28,965,987,965,985,2700,985,1
2014/01/29,981,1030,981,1025,7300,1025,1
2014/01/30,996,996,980,990,2200,990,1
2014/01/31,999,1000,960,968,8700,968,1
2014/02/03,950,960,901,912,10100,912,1
2014/02/04,837,879,762,851,21600,851,1
2014/02/05,851,858,786,815,10000,815,1
2014/02/06,815,874,815,848,1600,848,1
2014/02/07,867,868,848,858,10300,858,1
2014/02/10,885,965,885,959,16800,959,1
2014/02/12,974,974,930,968,12200,968,1
2014/02/13,972,993,972,993,21200,993,1
2014/02/14,978,980,903,910,30500,910,1
2014/02/17,925,925,902,902,5800,902,1
2014/02/18,909,912,903,912,6200,912,1
2014/02/19,914,914,907,907,1100,907,1
2014/02/20,903,906,879,879,4700,879,1
2014/02/21,883,898,883,893,5900,893,1
2014/02/24,888,899,888,888,1200,888,1
2014/02/25,890,896,890,895,4000,895,1
2014/02/26,918,918,885,887,5200,887,1
2014/02/27,900,901,887,900,5900,900,1
2014/02/28,885,891,885,889,1500,889,1
2014/03/03,904,904,899,899,400,899,1
2014/03/04,909,909,865,883,6300,883,1
2014/03/05,890,895,870,879,5900,879,1
2014/03/06,873,877,867,875,5000,875,1
2014/03/07,879,885,879,882,2500,882,1
2014/03/10,882,883,872,873,5900,873,1
2014/03/11,873,882,871,871,2200,871,1
2014/03/12,873,873,863,863,3500,863,1
2014/03/13,861,861,858,859,1900,859,1
2014/03/14,854,876,853,874,2700,874,1
2014/03/17,874,874,844,866,1500,866,1
2014/03/18,877,877,850,855,6700,855,1
2014/03/19,856,863,856,859,4100,859,1
2014/03/20,852,852,845,845,1600,845,1
2014/03/24,850,863,850,856,2000,856,1
2014/03/25,880,880,863,870,2300,870,1
2014/03/26,885,885,863,863,2900,863,1
2014/03/28,856,857,856,857,400,857,1
2014/03/31,862,862,862,862,300,862,1
2014/04/01,890,890,864,866,2700,866,1
2014/04/02,872,873,872,873,600,873,1
2014/04/03,874,874,864,868,1900,868,1
2014/04/04,869,880,867,880,700,880,1
2014/04/07,871,874,871,873,1500,873,1
2014/04/08,873,879,870,870,700,870,1
2014/04/09,870,870,854,861,2300,861,1
2014/04/10,875,885,867,868,14800,868,1
2014/04/11,860,860,852,852,4300,852,1
2014/04/14,849,858,849,852,4400,852,1
2014/04/15,852,855,852,853,500,853,1
2014/04/16,855,855,853,853,300,853,1
2014/04/17,859,869,859,869,1700,869,1
2014/04/18,875,884,873,878,4000,878,1
2014/04/21,867,871,867,871,1200,871,1
2014/04/22,857,865,857,858,1300,858,1
2014/04/23,858,858,852,852,800,852,1
2014/04/24,877,877,870,870,600,870,1
2014/04/25,870,875,860,861,3000,861,1
2014/04/28,857,857,857,857,300,857,1
2014/04/30,856,868,855,855,1200,855,1
2014/05/01,855,861,855,861,900,861,1
2014/05/02,868,895,868,895,5300,895,1
2014/05/07,895,1045,870,945,63700,945,1
2014/05/08,969,978,900,915,25800,915,1
2014/05/09,913,915,892,899,5900,899,1
2014/05/12,900,902,881,881,11100,881,1
2014/05/13,878,890,871,890,5100,890,1
2014/05/14,891,937,875,937,9100,937,1
2014/05/15,862,868,801,855,37400,855,1
2014/05/16,840,840,816,823,5900,823,1
2014/05/19,825,825,803,803,4100,803,1
2014/05/20,802,806,802,806,500,806,1
2014/05/21,791,804,791,804,2300,804,1
2014/05/22,779,797,774,788,9600,788,1
2014/05/23,800,806,799,805,2600,805,1
2014/05/26,825,825,811,812,5500,812,1
2014/05/27,820,823,810,810,6100,810,1
2014/05/28,810,810,810,810,600,810,1
2014/05/29,808,834,808,834,2300,834,1
2014/05/30,844,849,835,844,9400,844,1
2014/06/02,844,845,840,845,2700,845,1
2014/06/03,842,844,833,844,2200,844,1
2014/06/04,839,842,830,830,1800,830,1
2014/06/05,830,835,830,835,900,835,1
2014/06/06,840,880,840,853,8200,853,1
2014/06/09,871,890,870,890,13800,890,1
2014/06/10,905,908,890,897,8200,897,1
2014/06/11,900,900,898,898,2600,898,1
2014/06/12,890,890,884,884,600,884,1
2014/06/13,885,888,882,888,1100,888,1
2014/06/16,890,890,884,885,1900,885,1
2014/06/17,880,880,850,878,22000,878,1
2014/06/18,887,887,884,884,1200,884,1
2014/06/19,884,888,884,888,3300,888,1
2014/06/20,885,885,872,872,4000,872,1
2014/06/23,875,878,873,877,1600,877,1
2014/06/24,878,882,878,882,18700,882,1
2014/06/25,890,890,885,888,1100,888,1
2014/06/26,894,894,875,893,3800,893,1
2014/06/27,889,889,877,878,1000,878,1
2014/06/30,882,894,882,890,2000,890,1
2014/07/01,894,896,873,875,16100,875,1
2014/07/02,894,894,881,882,800,882,1
2014/07/03,887,920,887,911,9800,911,1
2014/07/04,956,956,903,906,24000,906,1
2014/07/07,903,906,901,901,1100,901,1
2014/07/08,904,928,903,920,2700,920,1
2014/07/09,944,944,915,917,3100,917,1
2014/07/10,918,924,918,921,2600,921,1
2014/07/11,936,944,910,911,3500,911,1
2014/07/14,912,927,912,927,1300,927,1
2014/07/15,940,940,935,936,2300,936,1
2014/07/16,937,938,935,935,800,935,1
2014/07/17,934,935,933,933,500,933,1
2014/07/18,923,923,920,920,1600,920,1
2014/07/22,913,918,913,915,1100,915,1
2014/07/23,914,915,911,915,1300,915,1
2014/07/24,924,924,924,924,400,924,1
2014/07/25,924,924,918,918,2400,918,1
2014/07/28,903,917,903,917,700,917,1
2014/07/29,917,920,914,914,400,914,1
2014/07/30,919,923,919,920,1100,920,1
2014/07/31,920,930,920,929,400,929,1
2014/08/01,932,932,908,932,700,932,1
2014/08/05,926,930,925,925,1800,925,1
2014/08/06,904,919,902,902,1800,902,1
2014/08/07,903,907,902,907,1800,907,1
2014/08/08,903,919,901,919,4200,919,1
2014/08/11,949,980,940,980,16500,980,1
2014/08/12,980,980,952,953,7300,953,1
2014/08/13,970,970,970,970,400,970,1
2014/08/14,961,963,960,962,1500,962,1
2014/08/15,962,969,953,969,900,969,1
2014/08/18,973,973,969,969,1300,969,1
2014/08/19,969,980,969,975,2200,975,1
2014/08/20,980,985,980,985,2300,985,1
2014/08/21,989,995,989,990,2200,990,1
2014/08/22,975,977,975,975,1800,975,1
2014/08/25,978,1010,978,1010,3700,1010,1
2014/08/26,1020,1020,990,1000,3700,1000,1
2014/08/27,1000,1000,1000,1000,200,1000,1
2014/08/28,1015,1015,1000,1000,1600,1000,1
2014/08/29,1000,1000,993,1000,1900,1000,1
2014/09/01,1002,1010,1002,1008,1700,1008,1
2014/09/02,1008,1029,1008,1028,2600,1028,1
2014/09/03,1015,1031,1015,1025,6500,1025,1
2014/09/04,1026,1028,1025,1025,1200,1025,1
2014/09/05,1020,1047,1016,1046,3900,1046,1
2014/09/08,1046,1088,1028,1088,5700,1088,1
2014/09/09,1081,1082,1070,1070,6100,1070,1
2014/09/10,1070,1080,1052,1080,4700,1080,1
2014/09/11,1070,1070,1069,1069,500,1069,1
2014/09/12,1060,1061,1052,1052,3700,1052,1
2014/09/16,1080,1130,1080,1111,12300,1111,1
2014/09/17,1111,1130,1100,1100,4100,1100,1
2014/09/18,1100,1114,1096,1114,2900,1114,1
2014/09/19,1100,1114,1100,1114,4600,1114,1
2014/09/22,1119,1129,1106,1106,4400,1106,1
2014/09/24,1128,1128,1038,1057,17000,1057,1
2014/09/25,1058,1082,1051,1060,7000,1060,1
2014/09/26,1041,1041,1011,1018,5100,1018,1
2014/09/29,1014,1030,1010,1020,9200,1020,1
2014/09/30,1022,1026,1000,1014,8100,1014,1
2014/10/01,1000,1000,932,932,28900,932,1
2014/10/02,903,905,883,895,21700,895,1
2014/10/03,895,898,893,897,9600,897,1
2014/10/06,932,932,921,932,4200,932,1
2014/10/07,930,933,928,928,3000,928,1
2014/10/08,917,924,915,924,2900,924,1
2014/10/09,925,925,917,918,1900,918,1
2014/10/10,904,904,889,890,8400,890,1
2014/10/14,845,870,845,868,5400,868,1
2014/10/15,870,884,869,883,3000,883,1
2014/10/16,867,878,867,871,2000,871,1
2014/10/17,873,874,866,870,6200,870,1
2014/10/20,908,908,904,905,800,905,1
2014/10/21,905,905,903,905,4400,905,1
2014/10/22,904,904,880,890,5100,890,1
2014/10/23,892,895,890,894,2000,894,1
2014/10/24,897,912,897,912,4200,912,1
2014/10/27,927,927,924,924,2300,924,1
2014/10/28,924,924,921,921,600,921,1
2014/10/31,925,938,912,935,1500,935,1
2014/11/04,936,945,936,938,1500,938,1
2014/11/05,1088,1088,1088,1088,19900,1088,1
2014/11/06,1080,1169,1080,1092,78600,1092,1
2014/11/07,1096,1100,1080,1080,16000,1080,1
2014/11/10,1081,1100,1081,1100,13600,1100,1
2014/11/11,1102,1105,1080,1089,12700,1089,1
2014/11/12,1087,1090,1081,1082,3300,1082,1
2014/11/13,1086,1088,1080,1088,10900,1088,1
2014/11/14,1080,1117,1080,1104,19900,1104,1
2014/11/17,1117,1140,1116,1137,17700,1137,1
2014/11/18,1130,1180,1130,1180,18600,1180,1
2014/11/19,1180,1199,1167,1180,11000,1180,1
2014/11/20,1229,1239,1224,1231,16800,1231,1
2014/11/21,1225,1226,1181,1216,15500,1216,1
2014/11/25,1219,1284,1219,1280,9700,1280,1
2014/11/26,1310,1310,1277,1308,11100,1308,1
2014/11/27,1338,1339,1283,1339,6600,1339,1
2014/11/28,1300,1339,1290,1339,13300,1339,1
2014/12/01,1309,1332,1297,1298,8000,1298,1
2014/12/02,1299,1300,1273,1299,9900,1299,1
2014/12/03,1300,1307,1299,1299,13000,1299,1
2014/12/04,1300,1300,1274,1294,5500,1294,1
2014/12/05,1294,1302,1294,1300,6700,1300,1
2014/12/08,1292,1314,1291,1291,4600,1291,1
2014/12/09,1283,1290,1281,1281,3100,1281,1
2014/12/10,1281,1282,1268,1268,9800,1268,1
2014/12/11,1257,1279,1223,1279,4700,1279,1
2014/12/12,1293,1317,1293,1309,20400,1309,1
2014/12/15,1286,1310,1286,1308,6300,1308,1
2014/12/16,1300,1300,1254,1278,12300,1278,1
2014/12/17,1275,1280,1275,1280,400,1280,1
2014/12/18,1290,1300,1282,1299,6900,1299,1
2014/12/19,1297,1339,1297,1339,8400,1339,1
2014/12/22,1340,1410,1340,1410,11400,1410,1
2014/12/24,1440,1444,1340,1350,21800,1350,1
2014/12/25,1395,1415,1380,1380,7300,1380,1
2014/12/26,1401,1401,1379,1395,4500,1395,1
2014/12/29,1387,1400,1386,1386,1900,1386,1
2014/12/30,1342,1362,1336,1336,6500,1336,1
2015/01/05,1315,1350,1315,1339,2400,1339,1
2015/01/06,1331,1336,1320,1321,2300,1321,1
2015/01/07,1304,1319,1295,1295,3200,1295,1
2015/01/08,1296,1358,1296,1353,3000,1353,1
2015/01/09,1317,1360,1308,1310,6000,1310,1
2015/01/13,1311,1336,1311,1315,4500,1315,1
2015/01/14,1349,1369,1348,1369,6700,1369,1
2015/01/15,1380,1380,1363,1380,3100,1380,1
2015/01/16,1405,1405,1400,1405,3200,1405,1
2015/01/19,1405,1406,1395,1398,2100,1398,1
2015/01/20,1398,1398,1355,1360,1700,1360,1
2015/01/21,1360,1360,1360,1360,400,1360,1
2015/01/22,1360,1360,1348,1357,400,1357,1
2015/01/23,1357,1358,1330,1335,4800,1335,1
2015/01/26,1334,1349,1334,1348,900,1348,1
2015/01/27,1348,1380,1348,1354,700,1354,1
2015/01/28,1332,1378,1332,1378,3400,1378,1
2015/01/29,1371,1371,1371,1371,800,1371,1
2015/01/30,1371,1387,1369,1369,1700,1369,1
2015/02/02,1369,1369,1351,1351,1200,1351,1
2015/02/03,1400,1400,1399,1399,2100,1399,1
2015/02/04,1390,1390,1380,1380,1600,1380,1
2015/02/05,1384,1400,1384,1400,6300,1400,1
2015/02/06,1400,1400,1343,1363,3500,1363,1
2015/02/09,1363,1384,1363,1363,2800,1363,1
2015/02/10,1364,1365,1363,1365,7100,1365,1
2015/02/12,1365,1398,1365,1372,8300,1372,1
2015/02/13,1312,1330,1310,1321,14100,1321,1
2015/02/16,1344,1345,1340,1340,4400,1340,1
2015/02/17,1350,1360,1295,1297,5800,1297,1
2015/02/18,1330,1350,1330,1347,4200,1347,1
2015/02/19,1385,1393,1354,1390,8400,1390,1
2015/02/20,1390,1398,1380,1398,4000,1398,1
2015/02/23,1398,1398,1368,1378,1300,1378,1
2015/02/24,1380,1390,1379,1390,3200,1390,1
2015/02/25,1390,1410,1389,1410,8900,1410,1
2015/02/26,1416,1425,1400,1405,6500,1405,1
2015/02/27,1419,1420,1381,1400,5500,1400,1
2015/03/02,1370,1401,1348,1400,4500,1400,1
2015/03/03,1414,1415,1405,1415,5300,1415,1
2015/03/04,1418,1418,1364,1417,2300,1417,1
2015/03/05,1420,1423,1420,1423,5200,1423,1
2015/03/06,1424,1433,1424,1433,1300,1433,1
2015/03/09,1425,1433,1400,1400,3400,1400,1
2015/03/10,1401,1434,1401,1415,5000,1415,1
2015/03/11,1429,1430,1429,1430,2900,1430,1
2015/03/12,1430,1440,1430,1440,6900,1440,1
2015/03/13,1440,1440,1436,1439,2500,1439,1
2015/03/16,1439,1466,1438,1439,3800,1439,1
2015/03/17,1447,1460,1447,1460,7600,1460,1
2015/03/18,1460,1461,1430,1430,5300,1430,1
2015/03/19,1430,1432,1429,1430,5400,1430,1
2015/03/20,1447,1447,1370,1409,2600,1409,1
2015/03/23,1398,1419,1398,1419,1100,1419,1
2015/03/24,1419,1423,1419,1423,1500,1423,1
2015/03/25,1420,1421,1420,1421,4100,1421,1
2015/03/26,1420,1420,1395,1414,3800,1414,1
2015/03/27,1400,1400,1388,1388,1300,1388,1
2015/03/30,1385,1385,1385,1385,600,1385,1
2015/03/31,1315,1337,1315,1325,4100,1325,1
2015/04/01,1355,1358,1335,1340,5200,1340,1
2015/04/02,1354,1354,1323,1323,2300,1323,1
2015/04/03,1331,1350,1331,1349,1100,1349,1
2015/04/06,1350,1353,1350,1352,3400,1352,1
2015/04/07,1355,1360,1355,1357,2900,1357,1
2015/04/08,1360,1365,1358,1365,3600,1365,1
2015/04/09,1370,1374,1370,1374,1300,1374,1
2015/04/10,1370,1371,1370,1371,3400,1371,1
2015/04/13,1350,1350,1342,1342,7800,1342,1
2015/04/14,1352,1352,1352,1352,200,1352,1
2015/04/15,1353,1353,1353,1353,200,1353,1
2015/04/16,1353,1374,1348,1370,4000,1370,1
2015/04/17,1374,1390,1374,1390,3900,1390,1
2015/04/20,1380,1380,1371,1373,5400,1373,1
2015/04/21,1380,1395,1380,1395,2000,1395,1
2015/04/22,1395,1410,1348,1369,10700,1369,1
2015/04/23,1360,1374,1360,1374,3500,1374,1
2015/04/24,1374,1401,1374,1380,5000,1380,1
2015/04/27,1409,1409,1400,1408,3000,1408,1
2015/04/28,1401,1402,1376,1376,3100,1376,1
2015/04/30,1372,1410,1372,1410,6900,1410,1
2015/05/01,1351,1396,1351,1395,2400,1395,1
2015/05/07,1404,1404,1404,1404,6300,1404,1
2015/05/08,1680,1680,1541,1591,49300,1591,1
2015/05/11,1591,1592,1560,1592,35100,1592,1
2015/05/12,1590,1590,1577,1590,3100,1590,1
2015/05/13,1590,1599,1570,1599,7400,1599,1
2015/05/14,1597,1600,1521,1521,10800,1521,1
2015/05/15,1440,1440,1405,1405,16900,1405,1
2015/05/18,1390,1390,1371,1371,6300,1371,1
2015/05/19,1401,1403,1394,1395,8000,1395,1
2015/05/20,1395,1410,1395,1406,2300,1406,1
2015/05/21,1409,1409,1395,1395,2000,1395,1
2015/05/22,1395,1408,1390,1390,900,1390,1
2015/05/25,1391,1397,1391,1397,12900,1397,1
2015/05/26,1409,1409,1391,1392,2200,1392,1
2015/05/27,1393,1408,1393,1408,1700,1408,1
2015/05/28,1409,1425,1396,1420,4900,1420,1
2015/05/29,1419,1419,1418,1419,1600,1419,1
2015/06/01,1419,1419,1419,1419,600,1419,1
2015/06/02,1407,1412,1395,1400,3500,1400,1
2015/06/03,1370,1400,1370,1395,54400,1395,1
2015/06/04,1395,1396,1387,1395,8400,1395,1
2015/06/05,1391,1394,1391,1392,4100,1392,1
2015/06/08,1391,1393,1375,1383,13800,1383,1
2015/06/09,1373,1380,1366,1370,12900,1370,1
2015/06/10,1370,1390,1370,1390,9500,1390,1
2015/06/11,1373,1387,1373,1374,54200,1374,1
2015/06/12,1378,1388,1377,1388,5000,1388,1
2015/06/15,1386,1386,1368,1379,8100,1379,1
2015/06/16,1379,1379,1372,1379,1600,1379,1
2015/06/17,1380,1380,1378,1378,600,1378,1
2015/06/18,1378,1378,1364,1376,2900,1376,1
2015/06/19,1377,1378,1366,1366,1600,1366,1
2015/06/22,1366,1366,1366,1366,800,1366,1
2015/06/23,1379,1379,1378,1378,1400,1378,1
2015/06/24,1379,1379,1365,1365,6100,1365,1
2015/06/25,1366,1372,1366,1369,800,1369,1
2015/06/26,1379,1379,1371,1379,2300,1379,1
2015/06/29,1372,1378,1365,1378,3900,1378,1
2015/06/30,1378,1378,1365,1370,9700,1370,1
2015/07/01,1370,1378,1364,1373,24500,1373,1
2015/07/02,1373,1373,1369,1373,6000,1373,1
2015/07/03,1371,1373,1371,1371,3300,1371,1
2015/07/06,1371,1371,1338,1350,28800,1350,1
2015/07/07,1369,1369,1356,1360,2600,1360,1
2015/07/08,1360,1360,1336,1336,3700,1336,1
2015/07/09,1300,1315,1237,1315,8900,1315,1
2015/07/10,1317,1349,1317,1349,3300,1349,1
2015/07/13,1365,1365,1363,1363,1800,1363,1
2015/07/14,1365,1374,1335,1372,5600,1372,1
2015/07/15,1372,1373,1353,1373,2100,1373,1
2015/07/16,1373,1380,1358,1380,2300,1380,1
2015/07/17,1380,1380,1380,1380,300,1380,1
2015/07/21,1362,1376,1362,1376,1800,1376,1
2015/07/22,1362,1365,1362,1362,700,1362,1
2015/07/23,1360,1367,1360,1367,1400,1367,1
2015/07/24,1369,1380,1369,1380,4200,1380,1
2015/07/27,1381,1381,1376,1376,2500,1376,1
2015/07/28,1367,1367,1363,1363,1000,1363,1
2015/07/29,1358,1358,1358,1358,100,1358,1
2015/07/30,1365,1380,1365,1380,1800,1380,1
2015/07/31,1380,1380,1368,1368,1300,1368,1
2015/08/03,1380,1380,1367,1367,3000,1367,1
2015/08/04,1367,1367,1360,1360,700,1360,1
2015/08/05,1376,1380,1376,1380,1000,1380,1
2015/08/06,1380,1380,1356,1361,2500,1361,1
2015/08/07,1363,1367,1360,1360,1100,1360,1
2015/08/10,1360,1369,1360,1360,3900,1360,1
2015/08/11,1357,1450,1357,1441,22900,1441,1
2015/08/12,1440,1440,1403,1418,10000,1418,1
2015/08/13,1418,1418,1403,1418,3400,1418,1
2015/08/14,1412,1413,1408,1408,1300,1408,1
2015/08/17,1409,1414,1402,1402,3000,1402,1
2015/08/18,1400,1400,1386,1386,5800,1386,1
2015/08/19,1385,1385,1379,1385,4600,1385,1
2015/08/20,1373,1392,1366,1366,1900,1366,1
2015/08/21,1351,1365,1338,1338,2100,1338,1
2015/08/24,1290,1310,1240,1240,3600,1240,1
2015/08/25,1233,1233,1183,1224,11000,1224,1
2015/08/26,1191,1204,1190,1200,10400,1200,1
2015/08/27,1206,1249,1206,1249,1400,1249,1
2015/08/28,1260,1274,1260,1262,3100,1262,1
2015/08/31,1260,1271,1260,1271,900,1271,1
2015/09/01,1271,1271,1260,1260,3100,1260,1
2015/09/02,1240,1253,1240,1240,5600,1240,1
2015/09/03,1249,1252,1248,1252,2900,1252,1
2015/09/04,1252,1252,1221,1221,1200,1221,1
2015/09/07,1192,1192,1164,1176,3800,1176,1
2015/09/08,1177,1200,1177,1179,2200,1179,1
2015/09/09,1208,1260,1208,1260,3000,1260,1
2015/09/10,1260,1295,1240,1252,5100,1252,1
2015/09/11,1270,1290,1270,1290,1100,1290,1
2015/09/14,1303,1320,1300,1300,53400,1300,1
2015/09/15,1300,1300,1285,1285,2100,1285,1
2015/09/16,1285,1285,1285,1285,100,1285,1
2015/09/17,1299,1299,1299,1299,2400,1299,1
2015/09/18,1299,1299,1285,1299,1000,1299,1
2015/09/24,1290,1290,1290,1290,100,1290,1
2015/09/25,1290,1291,1267,1267,2000,1267,1
2015/09/28,1255,1276,1250,1269,600,1269,1
2015/09/29,1265,1265,1265,1265,100,1265,1
2015/09/30,1265,1277,1265,1277,400,1277,1
2015/10/01,1300,1300,1277,1300,500,1300,1
2015/10/02,1300,1300,1275,1300,1000,1300,1
2015/10/05,1296,1296,1295,1295,200,1295,1
2015/10/06,1281,1295,1281,1282,400,1282,1
2015/10/07,1290,1290,1265,1289,600,1289,1
2015/10/08,1289,1290,1284,1284,3300,1284,1
2015/10/09,1255,1304,1255,1285,10800,1285,1
2015/10/13,1291,1300,1291,1300,1100,1300,1
2015/10/14,1330,1330,1316,1318,4200,1318,1
2015/10/15,1320,1325,1303,1325,2200,1325,1
2015/10/16,1385,1399,1355,1365,28100,1365,1
2015/10/19,1379,1380,1351,1371,12000,1371,1
2015/10/20,1351,1358,1348,1357,1100,1357,1
2015/10/21,1350,1354,1341,1341,1300,1341,1
2015/10/22,1354,1355,1348,1348,600,1348,1
2015/10/23,1350,1361,1348,1353,2900,1353,1
2015/10/26,1369,1369,1357,1357,1200,1357,1
2015/10/27,1356,1356,1348,1348,900,1348,1
2015/10/28,1362,1363,1345,1361,2500,1361,1
2015/10/29,1361,1365,1343,1363,1500,1363,1
2015/10/30,1364,1374,1364,1374,4300,1374,1
2015/11/02,1358,1364,1356,1364,300,1364,1
2015/11/04,1359,1370,1357,1364,4000,1364,1
2015/11/05,1350,1364,1350,1363,2000,1363,1
2015/11/06,1360,1360,1342,1355,3500,1355,1
2015/11/09,1355,1355,1350,1353,2100,1353,1
2015/11/10,1353,1359,1347,1347,3100,1347,1
2015/11/11,1361,1365,1344,1358,4900,1358,1
2015/11/12,1358,1361,1340,1351,4900,1351,1
2015/11/13,1355,1357,1340,1345,5100,1345,1
2015/11/16,1341,1348,1339,1339,1000,1339,1
2015/11/17,1339,1348,1337,1348,5100,1348,1
2015/11/18,1356,1356,1347,1347,3000,1347,1
2015/11/19,1347,1350,1342,1343,2900,1343,1
2015/11/20,1340,1345,1340,1345,2200,1345,1
2015/11/24,1346,1357,1346,1357,2400,1357,1
2015/11/25,1357,1360,1357,1357,3300,1357,1
2015/11/26,1360,1362,1350,1360,4300,1360,1
2015/11/27,1360,1361,1352,1352,3600,1352,1
2015/11/30,1352,1360,1352,1358,2600,1358,1
2015/12/01,1365,1379,1364,1377,6600,1377,1
2015/12/02,1400,1405,1395,1405,6800,1405,1
2015/12/03,1427,1427,1400,1418,5200,1418,1
2015/12/04,1418,1418,1393,1400,8600,1400,1
2015/12/07,1400,1420,1380,1399,6900,1399,1
2015/12/08,1389,1390,1376,1390,1500,1390,1
2015/12/09,1373,1373,1351,1370,1500,1370,1
2015/12/10,1370,1370,1370,1370,1800,1370,1
2015/12/11,1360,1360,1345,1349,3800,1349,1
2015/12/14,1342,1345,1336,1343,8700,1343,1
2015/12/15,1345,1346,1330,1343,5900,1343,1
2015/12/16,1341,1349,1332,1332,2400,1332,1
2015/12/17,1349,1351,1341,1348,5500,1348,1
2015/12/18,1359,1359,1348,1350,2500,1350,1
2015/12/21,1348,1348,1327,1328,2000,1328,1
2015/12/22,1329,1337,1327,1327,2200,1327,1
2015/12/24,1327,1360,1327,1350,3800,1350,1
2015/12/25,1350,1355,1349,1349,2000,1349,1
2015/12/28,1349,1354,1349,1352,1700,1352,1
2015/12/29,1354,1356,1350,1350,1600,1350,1
2015/12/30,1340,1353,1340,1349,2700,1349,1
2016/01/04,1370,1370,1335,1349,1500,1349,1
2016/01/05,1358,1358,1333,1345,1900,1345,1
2016/01/06,1375,1375,1338,1350,13100,1350,1
2016/01/07,1364,1364,1345,1354,7700,1354,1
2016/01/08,1354,1358,1347,1358,3700,1358,1
2016/01/12,1358,1358,1321,1352,14700,1352,1
2016/01/13,1350,1350,1335,1335,1100,1335,1
2016/01/14,1330,1350,1325,1338,1200,1338,1
2016/01/15,1327,1330,1327,1327,900,1327,1
2016/01/18,1285,1316,1274,1316,5900,1316,1
2016/01/19,1305,1305,1305,1305,100,1305,1
2016/01/20,1308,1308,1279,1279,900,1279,1
2016/01/21,1270,1273,1223,1223,3400,1223,1
2016/01/22,1250,1280,1249,1280,1600,1280,1
2016/01/25,1305,1306,1301,1306,1000,1306,1
2016/01/26,1336,1336,1295,1295,1800,1295,1
2016/01/27,1310,1322,1310,1322,200,1322,1
2016/01/28,1335,1335,1329,1329,1600,1329,1
2016/01/29,1299,1329,1299,1329,800,1329,1
2016/02/01,1348,1355,1340,1340,1300,1340,1
2016/02/02,1350,1360,1341,1358,5000,1358,1
2016/02/03,1331,1345,1290,1320,4400,1320,1
2016/02/04,1305,1305,1305,1305,100,1305,1
2016/02/05,1305,1305,1300,1300,600,1300,1
2016/02/08,1280,1344,1261,1342,1900,1342,1
2016/02/09,1301,1301,1250,1250,1200,1250,1
2016/02/10,1251,1300,1250,1254,4400,1254,1
2016/02/12,1230,1230,1166,1166,2800,1166,1
2016/02/15,1215,1222,1195,1200,7000,1200,1
2016/02/16,1220,1221,1220,1221,200,1221,1
2016/02/17,1220,1220,1200,1201,700,1201,1
2016/02/18,1231,1246,1220,1220,2300,1220,1
2016/02/19,1200,1235,1200,1235,1500,1235,1
2016/02/22,1206,1233,1202,1202,3000,1202,1
2016/02/23,1210,1210,1209,1209,500,1209,1
2016/02/24,1206,1207,1206,1207,200,1207,1
2016/02/25,1210,1230,1210,1230,700,1230,1
2016/02/26,1260,1260,1231,1232,2100,1232,1
2016/02/29,1230,1231,1230,1230,700,1230,1
2016/03/02,1241,1241,1240,1240,400,1240,1
2016/03/03,1250,1250,1222,1222,400,1222,1
2016/03/04,1240,1250,1240,1246,900,1246,1
2016/03/07,1246,1246,1240,1240,2400,1240,1
2016/03/08,1240,1245,1239,1245,800,1245,1
2016/03/09,1235,1235,1235,1235,100,1235,1
2016/03/10,1235,1252,1235,1252,900,1252,1
2016/03/11,1282,1282,1241,1245,3400,1245,1
2016/03/14,1275,1279,1275,1279,800,1279,1
2016/03/15,1259,1270,1259,1270,1400,1270,1
2016/03/16,1264,1300,1264,1285,1000,1285,1
2016/03/17,1284,1285,1284,1285,800,1285,1
2016/03/18,1285,1296,1278,1278,700,1278,1
2016/03/22,1261,1264,1250,1250,1800,1250,1
2016/03/23,1250,1262,1250,1261,900,1261,1
2016/03/24,1270,1275,1269,1275,1200,1275,1
2016/03/25,1275,1280,1261,1280,2600,1280,1
2016/03/28,1278,1280,1265,1266,1600,1266,1
2016/03/29,1248,1248,1230,1230,1200,1230,1
2016/03/30,1229,1230,1190,1203,4200,1203,1
2016/03/31,1190,1223,1189,1190,5300,1190,1
2016/04/01,1219,1219,1171,1171,1700,1171,1
2016/04/04,1171,1175,1152,1152,2500,1152,1
2016/04/05,1152,1152,1140,1140,500,1140,1
2016/04/06,1131,1133,1131,1133,500,1133,1
2016/04/07,1127,1127,1105,1110,2200,1110,1
2016/04/08,1110,1115,1110,1115,300,1115,1
2016/04/11,1117,1117,1116,1116,700,1116,1
2016/04/12,1171,1171,1171,1171,2200,1171,1
2016/04/13,1160,1162,1160,1162,400,1162,1
2016/04/14,1142,1214,1142,1214,5500,1214,1
2016/04/15,1240,1240,1210,1210,1200,1210,1
2016/04/18,1227,1227,1185,1185,300,1185,1
2016/04/19,1200,1200,1200,1200,100,1200,1
2016/04/20,1208,1210,1203,1203,400,1203,1
2016/04/21,1230,1230,1230,1230,100,1230,1
2016/04/22,1204,1206,1204,1206,700,1206,1
2016/04/25,1207,1223,1207,1223,700,1223,1
2016/04/26,1250,1250,1230,1240,2100,1240,1
2016/04/28,1240,1260,1204,1204,2700,1204,1
2016/05/02,1202,1235,1202,1235,400,1235,1
2016/05/06,1246,1246,1238,1238,600,1238,1
2016/05/09,1246,1255,1246,1255,400,1255,1
2016/05/10,1255,1255,1255,1255,6000,1255,1
2016/05/11,1225,1225,1204,1204,400,1204,1
2016/05/12,1230,1264,1220,1264,5200,1264,1
2016/05/13,1198,1205,1190,1195,5600,1195,1
2016/05/16,1199,1199,1180,1180,2400,1180,1
2016/05/17,1180,1195,1180,1195,1200,1195,1
2016/05/18,1195,1215,1190,1190,500,1190,1
2016/05/19,1247,1247,1183,1183,1600,1183,1
2016/05/20,1183,1183,1183,1183,100,1183,1
2016/05/23,1180,1195,1180,1185,800,1185,1
2016/05/24,1185,1185,1185,1185,100,1185,1
2016/05/25,1185,1186,1170,1180,5500,1180,1
2016/05/26,1160,1195,1160,1195,1900,1195,1
2016/05/30,1195,1195,1165,1165,300,1165,1
2016/05/31,1195,1199,1195,1199,600,1199,1
2016/06/01,1199,1199,1199,1199,400,1199,1
2016/06/02,1184,1200,1184,1200,1700,1200,1
2016/06/06,1191,1199,1182,1199,600,1199,1
2016/06/07,1200,1200,1190,1200,54400,1200,1
2016/06/08,1201,1201,1201,1201,200,1201,1
2016/06/09,1217,1217,1217,1217,200,1217,1
2016/06/10,1217,1217,1217,1217,2000,1217,1
2016/06/13,1217,1217,1202,1202,4100,1202,1
2016/06/14,1181,1200,1131,1132,1300,1132,1
2016/06/15,1125,1140,1121,1122,2600,1122,1
2016/06/16,1150,1160,1150,1150,400,1150,1
2016/06/17,1175,1200,1158,1168,2900,1168,1
2016/06/20,1161,1171,1161,1171,400,1171,1
2016/06/21,1171,1176,1171,1174,800,1174,1
2016/06/22,1150,1190,1150,1189,6600,1189,1
2016/06/23,1165,1165,1165,1165,300,1165,1
2016/06/24,1165,1189,1133,1133,8000,1133,1
2016/06/27,1133,1148,1126,1126,1700,1126,1
2016/06/28,1191,1191,1123,1125,1600,1125,1
2016/06/29,1128,1135,1128,1135,400,1135,1
2016/06/30,1170,1170,1141,1151,2500,1151,1
2016/07/01,1185,1185,1120,1120,35200,1120,1
2016/07/04,1120,1135,1120,1120,900,1120,1
2016/07/05,1115,1164,1115,1164,3000,1164,1
2016/07/06,1150,1150,1130,1130,1300,1130,1
2016/07/07,1169,1169,1169,1169,1400,1169,1
2016/07/08,1140,1140,1140,1140,300,1140,1
2016/07/11,1140,1175,1140,1175,1400,1175,1
2016/07/12,1195,1195,1165,1176,1900,1176,1
2016/07/13,1161,1180,1140,1140,600,1140,1
2016/07/14,1140,1144,1140,1140,1200,1140,1
2016/07/15,1150,1150,1150,1150,200,1150,1
2016/07/19,1175,1178,1150,1177,1800,1177,1
2016/07/20,1153,1158,1153,1156,1600,1156,1
2016/07/21,1176,1176,1125,1145,8300,1145,1
2016/07/22,1140,1150,1140,1150,4300,1150,1
2016/07/25,1150,1154,1130,1154,2300,1154,1
2016/07/27,1124,1124,1116,1118,1200,1118,1
2016/07/28,1145,1145,1121,1121,900,1121,1
2016/07/29,1120,1147,1120,1123,300,1123,1
2016/08/01,1150,1150,1112,1112,1100,1112,1
2016/08/02,1112,1134,1090,1102,2900,1102,1
2016/08/03,1106,1106,1104,1104,300,1104,1
2016/08/04,1120,1120,1106,1106,300,1106,1
2016/08/05,1105,1107,1102,1102,400,1102,1
2016/08/08,1102,1102,1079,1079,1500,1079,1
2016/08/09,1079,1085,1079,1085,600,1085,1
2016/08/10,1085,1088,1050,1078,7300,1078,1
2016/08/12,973,995,967,985,15600,985,1
2016/08/15,969,984,958,961,9000,961,1
2016/08/16,985,985,950,975,4700,975,1
2016/08/17,985,985,985,985,300,985,1
2016/08/18,984,984,980,980,600,980,1
2016/08/19,962,962,962,962,300,962,1
2016/08/22,962,984,962,980,1700,980,1
2016/08/23,980,980,980,980,600,980,1
2016/08/24,979,980,979,980,200,980,1
2016/08/25,980,980,975,978,4000,978,1
2016/08/26,980,983,975,983,3800,983,1
2016/08/29,976,984,975,975,5900,975,1
2016/08/30,975,975,954,956,2400,956,1
2016/08/31,971,971,971,971,100,971,1
2016/09/01,971,971,965,965,2600,965,1
2016/09/02,961,965,960,965,1800,965,1
2016/09/05,965,979,963,979,4600,979,1
2016/09/06,979,979,976,976,300,976,1
2016/09/07,979,979,974,974,300,974,1
2016/09/08,974,978,974,978,1100,978,1
2016/09/09,979,979,978,979,600,979,1
2016/09/12,979,979,979,979,4600,979,1
2016/09/13,977,979,977,977,1000,977,1
2016/09/14,980,981,980,981,300,981,1
2016/09/15,985,985,980,980,200,980,1
2016/09/16,989,999,989,999,1400,999,1
2016/09/20,989,1000,989,1000,300,1000,1
2016/09/21,1000,1043,997,999,4000,999,1
2016/09/23,1006,1024,1006,1024,1000,1024,1
2016/09/26,1054,1055,1000,1001,5800,1001,1
2016/09/27,1001,1039,1001,1039,3400,1039,1
2016/09/28,1040,1040,1015,1036,1200,1036,1
2016/09/29,1036,1039,1036,1039,200,1039,1
2016/09/30,1045,1045,1035,1038,2600,1038,1
2016/10/04,1055,1077,1002,1002,4200,1002,1
2016/10/05,1003,1003,1003,1003,100,1003,1
2016/10/06,1042,1042,1019,1025,2300,1025,1
2016/10/07,1037,1037,1022,1022,600,1022,1
2016/10/11,1022,1037,1022,1037,3700,1037,1
2016/10/12,1047,1047,1043,1045,2000,1045,1
2016/10/13,1045,1045,1045,1045,200,1045,1
2016/10/14,1045,1050,1045,1050,500,1050,1
2016/10/17,1050,1059,1050,1059,1000,1059,1
2016/10/18,1065,1069,1065,1069,6200,1069,1
2016/10/19,1070,1075,1070,1075,1100,1075,1
2016/10/20,1075,1078,1075,1075,800,1075,1
2016/10/21,1076,1084,1076,1084,1900,1084,1
2016/10/24,1094,1094,1050,1061,4500,1061,1
2016/10/25,1061,1096,1061,1082,1500,1082,1
2016/10/26,1100,1100,1070,1082,2800,1082,1
2016/10/27,1092,1092,1091,1091,500,1091,1
2016/10/28,1091,1093,1090,1093,600,1093,1
2016/10/31,1093,1093,1093,1093,600,1093,1
2016/11/01,1096,1096,1093,1093,700,1093,1
2016/11/02,1092,1092,1092,1092,800,1092,1
2016/11/04,1070,1070,1021,1069,2200,1069,1
2016/11/07,1065,1065,1051,1065,1200,1065,1
2016/11/08,1089,1089,1089,1089,200,1089,1
2016/11/09,1090,1090,1068,1087,2400,1087,1
2016/11/10,1087,1088,1032,1062,4300,1062,1
2016/11/11,1063,1069,1063,1063,500,1063,1
2016/11/14,1063,1063,1021,1037,4700,1037,1
2016/11/15,1037,1047,1037,1047,2900,1047,1
2016/11/16,1046,1046,1025,1044,3200,1044,1
2016/11/17,1044,1046,1044,1044,2300,1044,1
2016/11/18,1047,1060,1047,1047,3500,1047,1
2016/11/21,1031,1050,1031,1050,3900,1050,1
2016/11/22,1079,1088,1079,1085,6600,1085,1
2016/11/24,1088,1090,1086,1086,3300,1086,1
2016/11/25,1086,1091,1086,1086,3300,1086,1
2016/11/28,1094,1145,1088,1145,1800,1145,1
2016/11/29,1145,1145,1110,1110,2500,1110,1
2016/11/30,1106,1140,1106,1130,1500,1130,1
2016/12/01,1146,1146,1130,1140,2100,1140,1
2016/12/02,1140,1141,1140,1140,5300,1140,1
2016/12/05,1140,1169,1140,1169,3400,1169,1
2016/12/06,1227,1236,1198,1205,9600,1205,1
2016/12/07,1225,1230,1200,1230,3500,1230,1
2016/12/08,1230,1237,1212,1237,3100,1237,1
2016/12/09,1238,1238,1212,1238,1000,1238,1
2016/12/12,1238,1245,1238,1243,7000,1243,1
2016/12/13,1243,1243,1230,1243,1200,1243,1
2016/12/14,1243,1248,1226,1248,4600,1248,1
2016/12/15,1248,1255,1248,1255,900,1255,1
2016/12/16,1260,1260,1258,1258,500,1258,1
2016/12/19,1250,1257,1240,1240,1600,1240,1
2016/12/20,1243,1245,1240,1245,3000,1245,1
2016/12/21,1234,1234,1234,1234,800,1234,1
2016/12/22,1235,1255,1235,1253,2200,1253,1
2016/12/26,1290,1290,1242,1268,3000,1268,1
2016/12/27,1275,1280,1268,1268,3300,1268,1
2016/12/28,1290,1290,1228,1228,1100,1228,1
2016/12/29,1200,1213,1200,1210,900,1210,1
2016/12/30,1240,1240,1240,1240,200,1240,1
2017/01/04,1265,1265,1219,1219,2100,1219,1
2017/01/05,1225,1244,1225,1242,1700,1242,1
2017/01/06,1264,1264,1237,1237,300,1237,1
2017/01/10,1240,1248,1237,1237,4800,1237,1
2017/01/11,1250,1250,1237,1237,400,1237,1
2017/01/13,1231,1236,1220,1220,500,1220,1
2017/01/16,1220,1220,1209,1209,2300,1209,1
2017/01/17,1201,1201,1183,1190,1200,1190,1
2017/01/18,1190,1190,1190,1190,200,1190,1
2017/01/20,1206,1206,1206,1206,200,1206,1
2017/01/23,1206,1210,1206,1206,700,1206,1
2017/01/25,1206,1215,1206,1211,1000,1211,1
2017/01/26,1247,1247,1212,1212,3400,1212,1
2017/01/27,1210,1211,1210,1211,200,1211,1
2017/01/30,1225,1225,1225,1225,100,1225,1
2017/01/31,1225,1226,1225,1226,400,1226,1
2017/02/01,1249,1249,1230,1230,500,1230,1
2017/02/02,1230,1250,1230,1243,2300,1243,1
2017/02/03,1235,1242,1235,1242,400,1242,1
2017/02/06,1245,1245,1242,1242,2700,1242,1
2017/02/07,1238,1238,1215,1220,2300,1220,1
2017/02/08,1220,1220,1215,1215,1300,1215,1
2017/02/09,1232,1232,1232,1232,400,1232,1
2017/02/10,1232,1240,1232,1240,1500,1240,1
2017/02/13,1241,1241,1228,1228,2600,1228,1
2017/02/14,1227,1245,1218,1218,2600,1218,1
2017/02/15,1230,1230,1230,1230,100,1230,1
2017/02/16,1230,1230,1230,1230,300,1230,1
2017/02/17,1248,1248,1230,1230,400,1230,1
2017/02/20,1236,1240,1232,1240,1800,1240,1
2017/02/21,1240,1248,1240,1244,1600,1244,1
2017/02/22,1244,1244,1244,1244,1000,1244,1
2017/02/23,1248,1251,1248,1250,1400,1250,1
2017/02/24,1251,1270,1251,1270,3600,1270,1
2017/02/27,1270,1270,1256,1256,1800,1256,1
2017/02/28,1265,1265,1265,1265,2200,1265,1
2017/03/01,1260,1267,1260,1267,200,1267,1
2017/03/02,1268,1270,1264,1270,3700,1270,1
2017/03/03,1275,1276,1270,1275,5100,1275,1
2017/03/06,1275,1281,1275,1275,3000,1275,1
2017/03/07,1276,1277,1276,1277,1700,1277,1
2017/03/08,1277,1286,1277,1280,1000,1280,1
2017/03/09,1280,1280,1280,1280,2000,1280,1
2017/03/10,1280,1281,1270,1270,3300,1270,1
2017/03/13,1270,1270,1266,1266,200,1266,1
2017/03/14,1260,1265,1260,1265,300,1265,1
2017/03/15,1270,1270,1250,1250,4500,1250,1
2017/03/16,1255,1260,1253,1253,5400,1253,1
2017/03/17,1255,1276,1255,1256,9300,1256,1
2017/03/21,1250,1250,1247,1250,5800,1250,1
2017/03/22,1245,1250,1245,1250,1800,1250,1
2017/03/23,1242,1242,1242,1242,500,1242,1
2017/03/24,1242,1249,1242,1245,600,1245,1
2017/03/27,1282,1282,1253,1253,2200,1253,1
2017/03/28,1280,1280,1274,1274,300,1274,1
2017/03/29,1223,1252,1223,1252,200,1252,1
2017/03/30,1242,1252,1230,1250,12300,1250,1
2017/03/31,1282,1299,1282,1290,2900,1290,1
2017/04/03,1297,1348,1297,1305,2300,1305,1
2017/04/04,1316,1349,1305,1345,6900,1345,1
2017/04/05,1349,1349,1292,1292,1700,1292,1
2017/04/06,1293,1294,1275,1275,1400,1275,1
2017/04/07,1275,1310,1254,1310,3200,1310,1
2017/04/10,1310,1310,1310,1310,3300,1310,1
2017/04/11,1255,1265,1252,1265,600,1265,1
2017/04/12,1260,1260,1251,1251,800,1251,1
2017/04/13,1250,1250,1231,1250,500,1250,1
2017/04/17,1237,1237,1216,1237,600,1237,1
2017/04/18,1231,1236,1228,1236,6700,1236,1
2017/04/19,1249,1249,1229,1229,400,1229,1
2017/04/20,1231,1252,1231,1252,1500,1252,1
2017/04/21,1256,1289,1243,1244,1800,1244,1
2017/04/25,1245,1285,1245,1285,400,1285,1
2017/04/26,1310,1310,1293,1310,2700,1310,1
2017/04/27,1310,1310,1309,1309,1500,1309,1
2017/05/01,1309,1309,1300,1300,400,1300,1
2017/05/02,1309,1309,1296,1296,400,1296,1
2017/05/08,1328,1329,1318,1318,3300,1318,1
2017/05/09,1307,1317,1307,1317,200,1317,1
2017/05/10,1317,1339,1317,1339,4600,1339,1
2017/05/11,1339,1339,1339,1339,300,1339,1
2017/05/12,1350,1350,1306,1306,2200,1306,1
2017/05/15,1302,1332,1302,1332,600,1332,1
2017/05/16,1325,1339,1316,1339,900,1339,1
2017/05/17,1339,1339,1339,1339,200,1339,1
2017/05/18,1338,1338,1322,1322,800,1322,1
2017/05/19,1322,1335,1322,1335,500,1335,1
2017/05/22,1335,1340,1335,1340,900,1340,1
2017/05/23,1335,1335,1335,1335,5000,1335,1
2017/05/24,1335,1345,1335,1345,200,1345,1
2017/05/25,1345,1350,1340,1350,2800,1350,1
2017/05/26,1350,1350,1320,1349,500,1349,1
2017/05/29,1349,1349,1349,1349,300,1349,1
2017/05/30,1336,1336,1335,1335,1000,1335,1
2017/05/31,1335,1349,1334,1349,1600,1349,1
2017/06/01,1349,1349,1349,1349,100,1349,1
2017/06/02,1340,1364,1335,1361,5500,1361,1
2017/06/05,1379,1379,1360,1360,4000,1360,1
2017/06/06,1361,1361,1361,1361,400,1361,1
2017/06/07,1361,1361,1356,1356,300,1356,1
2017/06/08,1355,1355,1326,1326,1500,1326,1
2017/06/09,1328,1360,1328,1346,4700,1346,1
2017/06/12,1346,1346,1346,1346,2000,1346,1
2017/06/13,1345,1345,1344,1344,300,1344,1
2017/06/14,1342,1342,1341,1342,500,1342,1
2017/06/15,1342,1342,1342,1342,200,1342,1
2017/06/16,1342,1345,1342,1345,2400,1345,1
2017/06/19,1348,1369,1345,1365,1800,1365,1
2017/06/20,1365,1370,1359,1366,1200,1366,1
2017/06/21,1375,1375,1366,1366,2600,1366,1
2017/06/22,1371,1371,1358,1367,2100,1367,1
2017/06/23,1367,1389,1367,1385,6800,1385,1
2017/06/26,1385,1390,1380,1390,5500,1390,1
2017/06/27,1400,1403,1390,1395,8000,1395,1
2017/06/28,1395,1401,1388,1390,2400,1390,1
2017/06/29,1390,1390,1372,1375,3500,1375,1
2017/06/30,1375,1377,1369,1369,11100,1369,1
2017/07/03,1372,1385,1372,1381,6700,1381,1
2017/07/04,1427,1427,1385,1400,16500,1400,1
2017/07/05,1400,1400,1400,1400,2100,1400,1
2017/07/06,1423,1423,1393,1400,700,1400,1
2017/07/07,1400,1404,1395,1395,3400,1395,1
2017/07/10,1395,1396,1390,1395,6100,1395,1
2017/07/11,1395,1404,1390,1404,3200,1404,1
2017/07/12,1400,1404,1389,1404,5000,1404,1
2017/07/13,1400,1402,1396,1396,4400,1396,1
2017/07/14,1396,1427,1396,1424,6100,1424,1
2017/07/18,1420,1421,1420,1421,1700,1421,1
2017/07/19,1420,1420,1420,1420,500,1420,1
2017/07/20,1420,1427,1420,1427,4400,1427,1
2017/07/21,1426,1426,1420,1426,1400,1426,1
2017/07/24,1426,1426,1424,1426,800,1426,1
2017/07/25,1426,1430,1425,1430,5500,1430,1
2017/07/26,1417,1432,1411,1432,4000,1432,1
2017/07/27,1423,1446,1423,1437,2800,1437,1
2017/07/28,1437,1437,1435,1436,1200,1436,1
2017/07/31,1435,1436,1435,1436,1300,1436,1
2017/08/01,1435,1435,1412,1433,1000,1433,1
2017/08/02,1430,1430,1418,1418,200,1418,1
2017/08/03,1413,1426,1401,1426,1800,1426,1
2017/08/04,1421,1421,1421,1421,100,1421,1
2017/08/07,1425,1425,1420,1420,1000,1420,1
2017/08/08,1415,1415,1407,1407,600,1407,1
2017/08/09,1403,1403,1403,1403,100,1403,1
2017/08/10,1403,1409,1360,1400,10200,1400,1
2017/08/14,1377,1387,1375,1387,1200,1387,1
2017/08/15,1395,1395,1386,1395,2900,1395,1
2017/08/16,1390,1390,1380,1390,3000,1390,1
2017/08/17,1406,1406,1400,1406,1200,1406,1
2017/08/18,1406,1406,1398,1406,1000,1406,1
2017/08/21,1408,1408,1399,1408,2500,1408,1
2017/08/22,1400,1406,1395,1406,2000,1406,1
2017/08/23,1405,1406,1405,1406,800,1406,1
2017/08/24,1406,1406,1406,1406,1600,1406,1
2017/08/25,1406,1406,1400,1406,2800,1406,1
2017/08/28,1406,1406,1403,1405,1800,1405,1
2017/08/29,1401,1405,1401,1405,500,1405,1
2017/08/30,1405,1405,1404,1405,1700,1405,1
2017/08/31,1405,1405,1405,1405,2600,1405,1
2017/09/01,1406,1406,1402,1406,1900,1406,1
2017/09/04,1405,1405,1395,1404,2600,1404,1
2017/09/05,1405,1408,1395,1405,4100,1405,1
2017/09/06,1405,1406,1400,1400,5400,1400,1
2017/09/07,1405,1405,1400,1400,900,1400,1
2017/09/08,1404,1410,1401,1405,4200,1405,1
2017/09/11,1410,1411,1408,1411,3800,1411,1
2017/09/12,1440,1443,1430,1442,9600,1442,1
2017/09/13,1443,1445,1442,1443,2900,1443,1
2017/09/14,1450,1453,1443,1453,7400,1453,1
2017/09/15,1461,1461,1455,1460,2500,1460,1
2017/09/19,1461,1475,1461,1462,6900,1462,1
2017/09/20,1497,1497,1491,1491,1600,1491,1
2017/09/21,1493,1493,1465,1477,2300,1477,1
2017/09/22,1481,1540,1480,1536,11100,1536,1
2017/09/25,1546,1546,1536,1539,4000,1539,1
2017/09/26,1531,1550,1530,1550,4400,1550,1
2017/09/27,1548,1548,1533,1533,2500,1533,1
2017/09/28,1546,1546,1535,1540,2200,1540,1
2017/09/29,1535,1542,1535,1542,1300,1542,1
2017/10/02,1570,1570,1500,1530,3200,1530,1
2017/10/03,1521,1521,1512,1515,1300,1515,1
2017/10/04,1515,1530,1515,1520,3100,1520,1
2017/10/05,1525,1530,1525,1529,2700,1529,1
2017/10/06,1515,1529,1515,1529,3900,1529,1
2017/10/10,1536,1537,1529,1537,4600,1537,1
2017/10/11,1528,1535,1528,1535,1500,1535,1
2017/10/12,1535,1543,1529,1543,3700,1543,1
2017/10/13,1543,1543,1511,1512,4000,1512,1
2017/10/16,1513,1529,1513,1527,2500,1527,1
2017/10/17,1530,1547,1530,1540,4200,1540,1
2017/10/18,1564,1564,1518,1557,2300,1557,1
2017/10/19,1548,1548,1536,1536,600,1536,1
2017/10/20,1533,1533,1522,1522,600,1522,1
2017/10/23,1554,1554,1534,1534,2200,1534,1
2017/10/24,1531,1531,1518,1519,1400,1519,1
2017/10/25,1520,1539,1520,1533,1500,1533,1
2017/10/26,1552,1552,1537,1538,3100,1538,1
2017/10/27,1541,1541,1540,1540,1000,1540,1
2017/10/30,1543,1543,1540,1542,1900,1542,1
2017/10/31,1544,1545,1533,1533,1100,1533,1
2017/11/01,1533,1545,1533,1542,1000,1542,1
2017/11/02,1542,1543,1539,1543,900,1543,1
2017/11/06,1541,1543,1538,1543,1000,1543,1
2017/11/07,1543,1546,1543,1544,1300,1544,1
2017/11/08,1547,1555,1545,1545,1900,1545,1
2017/11/09,1605,1694,1605,1630,20100,1630,1
2017/11/10,1650,1650,1634,1636,6800,1636,1
2017/11/13,1700,1700,1667,1688,3600,1688,1
2017/11/14,1711,1712,1668,1674,7000,1674,1
2017/11/15,1675,1678,1658,1658,2300,1658,1
2017/11/16,1656,1672,1611,1672,2100,1672,1
2017/11/17,1675,1690,1669,1670,1600,1670,1
2017/11/20,1651,1684,1651,1677,1100,1677,1
2017/11/21,1676,1676,1660,1660,2300,1660,1
2017/11/22,1667,1667,1663,1665,1400,1665,1
2017/11/24,1665,1680,1665,1677,2000,1677,1
2017/11/27,1704,1704,1686,1686,3100,1686,1
2017/11/29,1688,1695,1688,1689,2600,1689,1
2017/11/30,1698,1699,1684,1684,900,1684,1
2017/12/01,1698,1704,1686,1704,1700,1704,1
2017/12/04,1704,1740,1687,1709,5300,1709,1
2017/12/05,1717,1737,1711,1722,4800,1722,1
2017/12/06,1762,1762,1727,1740,8900,1740,1
2017/12/07,1735,1756,1735,1756,5500,1756,1
2017/12/08,1760,1760,1738,1758,1400,1758,1
2017/12/11,1758,1770,1758,1770,2100,1770,1
2017/12/12,1779,1782,1779,1782,1700,1782,1
2017/12/13,1782,1787,1757,1772,4000,1772,1
2017/12/14,1772,1785,1772,1785,1200,1785,1
2017/12/15,1785,1785,1731,1749,4100,1749,1
2017/12/18,1743,1773,1725,1730,4500,1730,1
2017/12/19,1731,1772,1731,1772,900,1772,1
2017/12/20,1771,1772,1770,1770,600,1770,1
2017/12/21,1770,1770,1754,1770,1000,1770,1
2017/12/22,1761,1761,1745,1745,700,1745,1
2017/12/25,1747,1758,1747,1754,600,1754,1
2017/12/26,1760,1770,1752,1769,1900,1769,1
2017/12/27,1753,1779,1753,1757,3000,1757,1
2017/12/28,1751,1768,1741,1741,1300,1741,1
2017/12/29,1740,1740,1740,1740,1200,1740,1
2018/01/04,1767,1768,1745,1766,7700,1766,1
2018/01/05,1746,1750,1744,1750,800,1750,1
2018/01/09,1755,1755,1749,1751,3300,1751,1
2018/01/10,1760,1765,1759,1765,4300,1765,1
2018/01/11,1783,1783,1770,1770,3100,1770,1
2018/01/12,1770,1770,1750,1750,1300,1750,1
2018/01/15,1742,1749,1741,1741,2800,1741,1
2018/01/16,1740,1744,1726,1740,2400,1740,1
2018/01/17,1730,1746,1728,1745,2500,1745,1
2018/01/18,1749,1749,1734,1740,1000,1740,1
2018/01/19,1740,1750,1725,1745,4900,1745,1
2018/01/22,1741,1741,1737,1737,1200,1737,1
2018/01/23,1740,1770,1740,1768,4100,1768,1
2018/01/24,1761,1770,1761,1770,1600,1770,1
2018/01/25,1770,1770,1761,1770,1700,1770,1
2018/01/26,1770,1779,1770,1779,400,1779,1
2018/01/29,1760,1815,1760,1815,4300,1815,1
2018/01/30,1823,1823,1816,1816,500,1816,1
2018/01/31,1828,1832,1816,1832,3600,1832,1
2018/02/01,1837,1848,1803,1820,5900,1820,1
2018/02/02,1849,1860,1846,1855,6300,1855,1
2018/02/05,1848,1848,1715,1790,6500,1790,1
2018/02/06,1653,1800,1610,1748,13900,1748,1
2018/02/07,1737,1747,1710,1710,3500,1710,1
2018/02/08,1740,1747,1710,1710,1600,1710,1
2018/02/09,1699,1699,1695,1699,1500,1699,1
2018/02/13,1714,1753,1707,1721,4200,1721,1
2018/02/14,1761,1761,1680,1680,6100,1680,1
2018/02/15,1686,1700,1680,1699,3000,1699,1
2018/02/16,1724,1724,1699,1724,1100,1724,1
2018/02/19,1690,1719,1690,1717,2200,1717,1
2018/02/20,1712,1719,1703,1716,2600,1716,1
2018/02/21,1716,1717,1716,1717,700,1717,1
2018/02/22,1717,1787,1715,1750,5100,1750,1
2018/02/23,1750,1750,1745,1745,1600,1745,1
2018/02/26,1745,1746,1737,1746,1300,1746,1
2018/02/27,1746,1765,1745,1751,2600,1751,1
2018/02/28,1746,1765,1745,1745,2900,1745,1
2018/03/01,1759,1759,1753,1758,400,1758,1
2018/03/02,1731,1731,1709,1710,1100,1710,1
2018/03/05,1698,1710,1690,1690,7700,1690,1
2018/03/06,1720,1735,1718,1735,1100,1735,1
2018/03/07,1735,1780,1729,1742,1600,1742,1
2018/03/08,1741,1741,1725,1741,600,1741,1
2018/03/09,1742,1742,1733,1733,600,1733,1
2018/03/12,1734,1750,1733,1750,1200,1750,1
2018/03/13,1767,1767,1767,1767,1200,1767,1
2018/03/14,1751,1751,1745,1745,800,1745,1
2018/03/15,1745,1750,1744,1750,700,1750,1
2018/03/16,1748,1749,1744,1744,1400,1744,1
2018/03/19,1731,1731,1711,1711,300,1711,1
2018/03/20,1693,1720,1693,1717,500,1717,1
2018/03/22,1717,1717,1700,1716,500,1716,1
2018/03/23,1713,1713,1681,1681,2000,1681,1
2018/03/26,1681,1681,1661,1681,1600,1681,1
2018/03/27,1681,1681,1591,1645,8600,1645,1
2018/03/28,1601,1610,1601,1610,200,1610,1
2018/03/29,1570,1626,1554,1625,12200,1625,1
2018/03/30,1649,1649,1600,1616,2900,1616,1
2018/04/02,1613,1613,1561,1568,1800,1568,1
2018/04/03,1555,1558,1541,1548,6300,1548,1
2018/04/04,1548,1607,1548,1556,1700,1556,1
2018/04/05,1581,1581,1559,1559,700,1559,1
2018/04/06,1574,1574,1574,1574,100,1574,1
2018/04/09,1575,1575,1564,1564,600,1564,1
2018/04/10,1567,1567,1564,1566,700,1566,1
2018/04/11,1606,1606,1590,1590,1600,1590,1
2018/04/12,1591,1610,1591,1610,300,1610,1
2018/04/13,1635,1635,1635,1635,200,1635,1
2018/04/16,1635,1635,1575,1626,700,1626,1
2018/04/17,1621,1621,1581,1616,400,1616,1
2018/04/18,1614,1614,1560,1581,1500,1581,1
2018/04/19,1581,1601,1581,1585,1000,1585,1
2018/04/20,1584,1595,1584,1586,1000,1586,1
2018/04/23,1603,1603,1550,1555,1400,1555,1
2018/04/24,1558,1563,1558,1558,400,1558,1
2018/04/25,1560,1574,1560,1574,900,1574,1
2018/04/26,1589,1589,1589,1589,1300,1589,1
2018/05/01,1581,1581,1560,1566,600,1566,1
2018/05/02,1565,1565,1565,1565,200,1565,1
2018/05/07,1551,1576,1551,1565,400,1565,1
2018/05/08,1564,1564,1553,1553,1200,1553,1
2018/05/09,1556,1561,1556,1561,200,1561,1
2018/05/10,1565,1582,1565,1580,1300,1580,1
2018/05/11,1591,1591,1586,1586,1900,1586,1
2018/05/14,1549,1556,1549,1555,3500,1555,1
2018/05/15,1479,1595,1479,1555,6900,1555,1
2018/05/16,1575,1575,1533,1540,2000,1540,1
2018/05/17,1539,1556,1532,1532,10700,1532,1
2018/05/18,1572,1572,1531,1531,500,1531,1
2018/05/21,1571,1586,1551,1581,1700,1581,1
2018/05/22,1581,1581,1570,1570,1300,1570,1
2018/05/23,1554,1554,1533,1533,1600,1533,1
2018/05/24,1567,1567,1524,1524,1700,1524,1
2018/05/25,1538,1538,1535,1535,300,1535,1
2018/05/28,1575,1575,1561,1561,3000,1561,1
2018/05/29,1561,1561,1560,1560,700,1560,1
2018/05/30,1561,1562,1535,1543,2000,1543,1
2018/06/01,1543,1543,1535,1535,200,1535,1
2018/06/04,1501,1520,1501,1520,8000,1520,1
2018/06/05,1522,1533,1522,1533,6900,1533,1
2018/06/06,1534,1534,1534,1534,9300,1534,1
2018/06/07,1540,1574,1539,1543,1600,1543,1
2018/06/08,1545,1551,1545,1551,700,1551,1
2018/06/11,1563,1583,1561,1582,1600,1582,1
2018/06/12,1605,1605,1593,1593,1800,1593,1
2018/06/13,1585,1589,1584,1585,7600,1585,1
2018/06/14,1585,1592,1584,1592,500,1592,1
2018/06/15,1560,1592,1560,1580,800,1580,1
2018/06/18,1578,1578,1566,1566,300,1566,1
2018/06/19,1577,1577,1566,1566,1100,1566,1
2018/06/20,1570,1571,1557,1558,1900,1558,1
2018/06/21,1562,1563,1562,1563,200,1563,1
2018/06/22,1563,1563,1563,1563,100,1563,1
2018/06/25,1565,1570,1565,1570,600,1570,1
2018/06/26,1610,1610,1576,1581,1600,1581,1
2018/06/27,1583,1583,1583,1583,300,1583,1
2018/06/28,1587,1609,1587,1597,1400,1597,1
2018/06/29,1607,1616,1607,1612,1100,1612,1
2018/07/02,1642,1642,1615,1616,5700,1616,1
2018/07/03,1640,1642,1560,1560,18800,1560,1
2018/07/04,1560,1561,1560,1561,400,1561,1
2018/07/05,1565,1565,1565,1565,200,1565,1
2018/07/06,1599,1599,1599,1599,900,1599,1
2018/07/09,1598,1598,1584,1584,500,1584,1
2018/07/10,1584,1595,1584,1595,1000,1595,1
2018/07/11,1593,1593,1559,1559,3100,1559,1
2018/07/12,1560,1560,1550,1550,600,1550,1
2018/07/13,1553,1553,1553,1553,100,1553,1
