2007/01/04,1650.0,1650.0,1650.0,1650.0,1000,1650,0.2
2007/01/05,1645.0,1645.0,1645.0,1645.0,1000,1645,0.2
2007/01/10,1550.0,1565.0,1545.0,1565.0,4000,1565,0.2
2007/01/12,1575.0,1575.0,1535.0,1565.0,6000,1565,0.2
2007/01/15,1600.0,1600.0,1590.0,1590.0,2000,1590,0.2
2007/01/17,1650.0,1650.0,1575.0,1580.0,5000,1580,0.2
2007/01/18,1575.0,1575.0,1575.0,1575.0,1000,1575,0.2
2007/01/19,1550.0,1560.0,1550.0,1555.0,7000,1555,0.2
2007/01/22,1555.0,1560.0,1555.0,1560.0,12000,1560,0.2
2007/01/23,1515.0,1540.0,1515.0,1540.0,9000,1540,0.2
2007/01/25,1525.0,1525.0,1515.0,1520.0,11000,1520,0.2
2007/01/26,1520.0,1520.0,1520.0,1520.0,4000,1520,0.2
2007/01/29,1680.0,1685.0,1570.0,1575.0,21000,1575,0.2
2007/01/30,1560.0,1560.0,1525.0,1525.0,5000,1525,0.2
2007/02/02,1525.0,1525.0,1525.0,1525.0,3000,1525,0.2
2007/02/06,1525.0,1525.0,1525.0,1525.0,1000,1525,0.2
2007/02/07,1530.0,1535.0,1530.0,1535.0,2000,1535,0.2
2007/02/08,1545.0,1545.0,1540.0,1540.0,2000,1540,0.2
2007/02/13,1535.0,1535.0,1520.0,1525.0,6000,1525,0.2
2007/02/22,1560.0,1560.0,1550.0,1560.0,8000,1560,0.2
2007/02/23,1555.0,1560.0,1555.0,1560.0,2000,1560,0.2
2007/02/27,1585.0,1585.0,1565.0,1565.0,8000,1565,0.2
2007/02/28,1555.0,1555.0,1550.0,1550.0,6000,1550,0.2
2007/03/06,1500.0,1500.0,1500.0,1500.0,1000,1500,0.2
2007/03/14,1545.0,1550.0,1545.0,1550.0,4000,1550,0.2
2007/03/15,1505.0,1505.0,1500.0,1500.0,2000,1500,0.2
2007/03/26,1500.0,1500.0,1500.0,1500.0,1000,1500,0.2
2007/03/27,1505.0,1505.0,1505.0,1505.0,1000,1505,0.2
2007/03/28,1530.0,1530.0,1530.0,1530.0,1000,1530,0.2
2007/03/29,1525.0,1530.0,1525.0,1530.0,4000,1530,0.2
2007/04/06,1525.0,1525.0,1525.0,1525.0,2000,1525,0.2
2007/04/10,1555.0,1555.0,1550.0,1550.0,2000,1550,0.2
2007/04/12,1525.0,1525.0,1525.0,1525.0,2000,1525,0.2
2007/04/19,1545.0,1550.0,1515.0,1515.0,6000,1515,0.2
2007/04/20,1515.0,1515.0,1515.0,1515.0,2000,1515,0.2
2007/04/24,1535.0,1550.0,1525.0,1550.0,4000,1550,0.2
2007/04/25,1745.0,1765.0,1600.0,1605.0,41000,1605,0.2
2007/04/27,1625.0,1625.0,1625.0,1625.0,2000,1625,0.2
2007/05/01,1600.0,1600.0,1600.0,1600.0,1000,1600,0.2
2007/05/02,1600.0,1605.0,1600.0,1600.0,5000,1600,0.2
2007/05/07,1580.0,1590.0,1550.0,1550.0,8000,1550,0.2
2007/05/08,1575.0,1575.0,1575.0,1575.0,2000,1575,0.2
2007/05/09,1575.0,1575.0,1575.0,1575.0,3000,1575,0.2
2007/05/10,1505.0,1510.0,1475.0,1475.0,4000,1475,0.2
2007/05/11,1480.0,1480.0,1480.0,1480.0,3000,1480,0.2
2007/05/14,1480.0,1600.0,1480.0,1600.0,12000,1600,0.2
2007/05/15,1500.0,1500.0,1490.0,1490.0,4000,1490,0.2
2007/05/16,1490.0,1500.0,1470.0,1470.0,6000,1470,0.2
2007/05/21,1470.0,1470.0,1470.0,1470.0,5000,1470,0.2
2007/05/22,1475.0,1475.0,1475.0,1475.0,1000,1475,0.2
2007/05/28,1475.0,1475.0,1475.0,1475.0,2000,1475,0.2
2007/07/03,1510.0,1510.0,1510.0,1510.0,3000,1510,0.2
2007/07/04,1525.0,1525.0,1525.0,1525.0,3000,1525,0.2
2007/07/05,1585.0,1600.0,1575.0,1600.0,12000,1600,0.2
2007/07/06,1600.0,1600.0,1600.0,1600.0,6000,1600,0.2
2007/07/13,1600.0,1600.0,1595.0,1595.0,8000,1595,0.2
2007/07/18,1600.0,1690.0,1600.0,1690.0,6000,1690,0.2
2007/07/19,1535.0,1540.0,1510.0,1515.0,5000,1515,0.2
2007/07/20,1515.0,1520.0,1510.0,1515.0,11000,1515,0.2
2007/07/23,1505.0,1505.0,1505.0,1505.0,2000,1505,0.2
2007/07/24,1500.0,1500.0,1500.0,1500.0,2000,1500,0.2
2007/07/25,1500.0,1500.0,1500.0,1500.0,4000,1500,0.2
2007/08/16,1420.0,1425.0,1290.0,1290.0,5000,1290,0.2
2007/08/20,1290.0,1290.0,1290.0,1290.0,3000,1290,0.2
2007/08/23,1350.0,1350.0,1350.0,1350.0,6000,1350,0.2
2007/08/24,1350.0,1350.0,1350.0,1350.0,1000,1350,0.2
2007/08/29,1350.0,1350.0,1350.0,1350.0,1000,1350,0.2
2007/09/06,1330.0,1330.0,1325.0,1325.0,2000,1325,0.2
2007/09/12,1300.0,1300.0,1265.0,1265.0,12000,1265,0.2
2007/09/13,1200.0,1200.0,1200.0,1200.0,1000,1200,0.2
2007/09/19,1105.0,1105.0,1100.0,1100.0,7000,1100,0.2
2007/09/26,1145.0,1150.0,1145.0,1150.0,5000,1150,0.2
2007/10/01,1250.0,1300.0,1250.0,1300.0,2000,1300,0.2
2007/10/12,1300.0,1300.0,1300.0,1300.0,1000,1300,0.2
2007/10/18,1300.0,1625.0,1300.0,1500.0,11000,1500,0.2
2007/10/19,1315.0,1315.0,1315.0,1315.0,2000,1315,0.2
2007/10/22,1315.0,1315.0,1315.0,1315.0,2000,1315,0.2
2007/10/23,1315.0,1365.0,1315.0,1365.0,2000,1365,0.2
2007/10/29,1480.0,1485.0,1480.0,1485.0,8000,1485,0.2
2007/10/31,1540.0,1540.0,1535.0,1540.0,6000,1540,0.2
2007/11/01,1550.0,1550.0,1545.0,1545.0,2000,1545,0.2
2007/11/20,1545.0,1545.0,1510.0,1510.0,6000,1510,0.2
2007/11/26,1500.0,1510.0,1500.0,1500.0,3000,1500,0.2
2007/11/28,1350.0,1350.0,1350.0,1350.0,3000,1350,0.2
2007/12/07,1325.0,1325.0,1325.0,1325.0,3000,1325,0.2
2007/12/12,1375.0,1375.0,1375.0,1375.0,1000,1375,0.2
2007/12/17,1325.0,1335.0,1325.0,1335.0,2000,1335,0.2
2007/12/20,1335.0,1335.0,1335.0,1335.0,3000,1335,0.2
2007/12/21,1330.0,1335.0,1330.0,1335.0,3000,1335,0.2
2007/12/26,1400.0,1400.0,1400.0,1400.0,1000,1400,0.2
2008/01/04,1335.0,1335.0,1275.0,1275.0,4000,1275,0.2
2008/01/21,1275.0,1275.0,1270.0,1275.0,8000,1275,0.2
2008/01/25,1335.0,1485.0,1325.0,1485.0,6000,1485,0.2
2008/01/28,1485.0,1485.0,1485.0,1485.0,1000,1485,0.2
2008/01/30,1380.0,1385.0,1380.0,1385.0,4000,1385,0.2
2008/02/08,1385.0,1390.0,1385.0,1390.0,2000,1390,0.2
2008/02/22,1455.0,1460.0,1455.0,1460.0,6000,1460,0.2
2008/02/26,1460.0,1460.0,1460.0,1460.0,2000,1460,0.2
2008/03/04,1275.0,1275.0,1275.0,1275.0,2000,1275,0.2
2008/03/06,1325.0,1330.0,1325.0,1330.0,2000,1330,0.2
2008/03/21,1335.0,2465.0,1325.0,1335.0,13000,1335,0.2
2008/03/25,1500.0,1500.0,1500.0,1500.0,1000,1500,0.2
2008/04/22,1360.0,1430.0,1360.0,1430.0,3000,1430,0.2
2008/04/23,1500.0,1500.0,1500.0,1500.0,1000,1500,0.2
2008/04/28,1500.0,1500.0,1500.0,1500.0,1000,1500,0.2
2008/04/30,1500.0,1500.0,1500.0,1500.0,1000,1500,0.2
2008/05/19,1300.0,1300.0,1300.0,1300.0,3000,1300,0.2
2008/05/20,1365.0,1365.0,1365.0,1365.0,1000,1365,0.2
2008/05/21,1430.0,1430.0,1430.0,1430.0,2000,1430,0.2
2008/05/22,1495.0,1495.0,1495.0,1495.0,1000,1495,0.2
2008/05/26,1495.0,1495.0,1495.0,1495.0,2000,1495,0.2
2008/06/03,1475.0,1475.0,1475.0,1475.0,1000,1475,0.2
2008/06/20,1450.0,1450.0,1450.0,1450.0,3000,1450,0.2
2008/06/24,1450.0,1450.0,1450.0,1450.0,6000,1450,0.2
2008/06/25,1450.0,1450.0,1450.0,1450.0,3000,1450,0.2
2008/06/26,1450.0,1450.0,1450.0,1450.0,2000,1450,0.2
2008/07/02,1350.0,1400.0,1350.0,1400.0,3000,1400,0.2
2008/07/10,1370.0,1370.0,1370.0,1370.0,1000,1370,0.2
2008/07/11,1395.0,1395.0,1395.0,1395.0,1000,1395,0.2
2008/07/16,1395.0,1395.0,1395.0,1395.0,1000,1395,0.2
2008/07/22,1430.0,1430.0,1430.0,1430.0,3000,1430,0.2
2008/07/29,1500.0,1500.0,1500.0,1500.0,1000,1500,0.2
2008/08/12,1375.0,1400.0,1375.0,1400.0,3000,1400,0.2
2008/08/15,1350.0,1350.0,1350.0,1350.0,1000,1350,0.2
2008/08/20,1395.0,1395.0,1395.0,1395.0,3000,1395,0.2
2008/08/21,1445.0,1445.0,1445.0,1445.0,1000,1445,0.2
2008/08/22,1445.0,1445.0,1430.0,1430.0,4000,1430,0.2
2008/08/26,1430.0,1430.0,1350.0,1355.0,3000,1355,0.2
2008/08/27,1405.0,1405.0,1405.0,1405.0,1000,1405,0.2
2008/08/28,1405.0,1405.0,1405.0,1405.0,1000,1405,0.2
2008/09/04,1350.0,1350.0,1350.0,1350.0,1000,1350,0.2
2008/09/19,1325.0,1325.0,1325.0,1325.0,1000,1325,0.2
2008/09/24,1380.0,1380.0,1375.0,1375.0,2000,1375,0.2
2008/09/25,1425.0,1425.0,1425.0,1425.0,3000,1425,0.2
2008/10/07,1325.0,1325.0,1325.0,1325.0,1000,1325,0.2
2008/10/20,1285.0,1285.0,1285.0,1285.0,1000,1285,0.2
2008/10/23,1285.0,1285.0,1210.0,1210.0,4000,1210,0.2
2008/10/30,1275.0,1275.0,1275.0,1275.0,1000,1275,0.2
2008/11/19,1260.0,1260.0,1260.0,1260.0,1000,1260,0.2
2008/11/20,1265.0,1265.0,1265.0,1265.0,1000,1265,0.2
2008/11/21,1310.0,1310.0,1310.0,1310.0,3000,1310,0.2
2008/11/26,1310.0,1310.0,1310.0,1310.0,3000,1310,0.2
2008/12/15,1260.0,1260.0,1260.0,1260.0,1000,1260,0.2
2008/12/16,1240.0,1240.0,1240.0,1240.0,1000,1240,0.2
2009/01/19,1245.0,1250.0,1245.0,1250.0,3000,1250,0.2
2009/01/20,1320.0,1320.0,1320.0,1320.0,6000,1320,0.2
2009/01/27,1320.0,1320.0,1225.0,1225.0,3000,1225,0.2
2009/02/09,1130.0,1130.0,1130.0,1130.0,1000,1130,0.2
2009/02/24,1175.0,1175.0,1175.0,1175.0,3000,1175,0.2
2009/02/25,1175.0,1175.0,1175.0,1175.0,1000,1175,0.2
2009/03/02,1185.0,1185.0,1185.0,1185.0,1000,1185,0.2
2009/03/24,1175.0,1175.0,1175.0,1175.0,3000,1175,0.2
2009/03/25,1175.0,1175.0,1175.0,1175.0,3000,1175,0.2
2009/03/31,1175.0,1175.0,1175.0,1175.0,2000,1175,0.2
2009/04/27,1275.0,1275.0,1275.0,1275.0,1000,1275,0.2
2009/04/28,1300.0,1300.0,1300.0,1300.0,2000,1300,0.2
2009/05/21,1300.0,1300.0,1300.0,1300.0,1000,1300,0.2
2009/05/22,1350.0,1350.0,1350.0,1350.0,3000,1350,0.2
2009/05/26,1350.0,1350.0,1350.0,1350.0,1000,1350,0.2
2009/05/28,1350.0,1350.0,1350.0,1350.0,1000,1350,0.2
2009/06/04,1275.0,1275.0,1275.0,1275.0,1000,1275,0.2
2009/06/18,1275.0,1275.0,1275.0,1275.0,1000,1275,0.2
2009/06/19,1275.0,1275.0,1275.0,1275.0,2000,1275,0.2
2009/06/22,1295.0,1295.0,1295.0,1295.0,3000,1295,0.2
2009/06/23,1295.0,1295.0,1295.0,1295.0,3000,1295,0.2
2009/06/24,1275.0,1275.0,1275.0,1275.0,2000,1275,0.2
2009/06/29,1350.0,1350.0,1350.0,1350.0,2000,1350,0.2
2009/07/21,1440.0,1440.0,1440.0,1440.0,3000,1440,0.2
2009/07/27,1515.0,1515.0,1515.0,1515.0,1000,1515,0.2
2009/07/30,1605.0,1605.0,1605.0,1605.0,1000,1605,0.2
2009/07/31,1605.0,1605.0,1605.0,1605.0,2000,1605,0.2
2009/08/04,1505.0,1505.0,1505.0,1505.0,1000,1505,0.2
2009/08/07,1380.0,1380.0,1380.0,1380.0,1000,1380,0.2
2009/08/11,1400.0,1400.0,1400.0,1400.0,1000,1400,0.2
2009/08/13,1400.0,1400.0,1400.0,1400.0,1000,1400,0.2
2009/08/18,1400.0,1400.0,1400.0,1400.0,1000,1400,0.2
2009/08/20,1425.0,1425.0,1425.0,1425.0,1000,1425,0.2
2009/08/21,1450.0,1450.0,1450.0,1450.0,1000,1450,0.2
2009/08/24,1450.0,1450.0,1450.0,1450.0,1000,1450,0.2
2009/08/25,1450.0,1450.0,1450.0,1450.0,1000,1450,0.2
2009/08/26,1450.0,1450.0,1450.0,1450.0,1000,1450,0.2
2009/08/27,1450.0,1450.0,1450.0,1450.0,1000,1450,0.2
2009/08/28,1450.0,1450.0,1450.0,1450.0,1000,1450,0.2
2009/08/31,1450.0,1450.0,1450.0,1450.0,2000,1450,0.2
2009/09/03,1450.0,1450.0,1450.0,1450.0,1000,1450,0.2
2009/09/25,1470.0,1470.0,1470.0,1470.0,1000,1470,0.2
2009/09/29,1520.0,1520.0,1520.0,1520.0,1000,1520,0.2
2009/10/06,1600.0,1600.0,1600.0,1600.0,1000,1600,0.2
2009/10/19,1500.0,1500.0,1500.0,1500.0,1000,1500,0.2
2009/10/20,1530.0,1530.0,1530.0,1530.0,1000,1530,0.2
2009/10/21,1530.0,1530.0,1530.0,1530.0,1000,1530,0.2
2009/10/22,1500.0,1500.0,1500.0,1500.0,1000,1500,0.2
2009/10/23,1500.0,1500.0,1500.0,1500.0,1000,1500,0.2
2009/10/26,1515.0,1515.0,1515.0,1515.0,1000,1515,0.2
2009/10/27,1515.0,1515.0,1515.0,1515.0,1000,1515,0.2
2009/11/02,1380.0,1380.0,1380.0,1380.0,1000,1380,0.2
2009/11/20,1380.0,1380.0,1380.0,1380.0,1000,1380,0.2
2009/11/24,1385.0,1385.0,1385.0,1385.0,1000,1385,0.2
2009/11/25,1385.0,1385.0,1385.0,1385.0,1000,1385,0.2
2009/11/26,1400.0,1400.0,1400.0,1400.0,1000,1400,0.2
2009/11/27,1400.0,1400.0,1400.0,1400.0,1000,1400,0.2
2009/12/10,1300.0,1300.0,1300.0,1300.0,1000,1300,0.2
2009/12/21,1370.0,1370.0,1370.0,1370.0,1000,1370,0.2
2009/12/25,1295.0,1295.0,1295.0,1295.0,1000,1295,0.2
2010/01/07,1300.0,1300.0,1300.0,1300.0,5000,1300,0.2
2010/01/12,1260.0,1260.0,1260.0,1260.0,5000,1260,0.2
2010/01/19,1360.0,1360.0,1360.0,1360.0,1000,1360,0.2
2010/01/20,1360.0,1360.0,1280.0,1280.0,7000,1280,0.2
2010/01/21,1280.0,1280.0,1280.0,1280.0,1000,1280,0.2
2010/01/22,1280.0,1280.0,1280.0,1280.0,1000,1280,0.2
2010/01/25,1250.0,1250.0,1250.0,1250.0,1000,1250,0.2
2010/01/26,1250.0,1250.0,1175.0,1175.0,3000,1175,0.2
2010/02/03,1175.0,1175.0,1175.0,1175.0,1000,1175,0.2
2010/02/04,1175.0,1175.0,1175.0,1175.0,1000,1175,0.2
2010/02/10,1150.0,1150.0,1150.0,1150.0,1000,1150,0.2
2010/02/18,1230.0,1230.0,1230.0,1230.0,1000,1230,0.2
2010/02/22,1230.0,1230.0,1230.0,1230.0,1000,1230,0.2
2010/02/23,1225.0,1225.0,1225.0,1225.0,1000,1225,0.2
2010/02/24,1225.0,1225.0,1225.0,1225.0,1000,1225,0.2
2010/02/25,1225.0,1225.0,1225.0,1225.0,1000,1225,0.2
2010/02/26,1225.0,1225.0,1225.0,1225.0,1000,1225,0.2
2010/03/04,1190.0,1190.0,1190.0,1190.0,1000,1190,0.2
2010/03/12,1150.0,1150.0,1150.0,1150.0,1000,1150,0.2
2010/03/23,1200.0,1200.0,1200.0,1200.0,1000,1200,0.2
2010/03/24,1200.0,1200.0,1200.0,1200.0,1000,1200,0.2
2010/03/29,1220.0,1220.0,1220.0,1220.0,1000,1220,0.2
2010/03/30,1240.0,1240.0,1240.0,1240.0,1000,1240,0.2
2010/04/20,1290.0,1290.0,1290.0,1290.0,1000,1290,0.2
2010/04/21,1275.0,1275.0,1275.0,1275.0,1000,1275,0.2
2010/04/22,1275.0,1280.0,1275.0,1280.0,6000,1280,0.2
2010/04/23,1270.0,1270.0,1270.0,1270.0,1000,1270,0.2
2010/04/26,1270.0,1270.0,1270.0,1270.0,1000,1270,0.2
2010/04/27,1270.0,1270.0,1270.0,1270.0,1000,1270,0.2
2010/04/30,1275.0,1275.0,1275.0,1275.0,1000,1275,0.2
2010/05/06,1275.0,1275.0,1275.0,1275.0,1000,1275,0.2
2010/05/20,1275.0,1275.0,1275.0,1275.0,1000,1275,0.2
2010/05/21,1290.0,1290.0,1290.0,1290.0,1000,1290,0.2
2010/05/24,1290.0,1290.0,1290.0,1290.0,1000,1290,0.2
2010/05/25,1290.0,1290.0,1290.0,1290.0,1000,1290,0.2
2010/06/03,1215.0,1215.0,1215.0,1215.0,1000,1215,0.2
2010/06/21,1275.0,1275.0,1275.0,1275.0,1000,1275,0.2
2010/06/22,1275.0,1275.0,1275.0,1275.0,1000,1275,0.2
2010/06/23,1275.0,1275.0,1275.0,1275.0,1000,1275,0.2
2010/06/24,1270.0,1270.0,1270.0,1270.0,1000,1270,0.2
2010/06/25,1270.0,1270.0,1270.0,1270.0,1000,1270,0.2
2010/07/12,1200.0,1200.0,1200.0,1200.0,1000,1200,0.2
2010/07/23,1220.0,1220.0,1220.0,1220.0,1000,1220,0.2
2010/07/30,1240.0,1240.0,1240.0,1240.0,3000,1240,0.2
2010/08/02,1240.0,1240.0,1240.0,1240.0,1000,1240,0.2
2010/08/03,1250.0,1250.0,1250.0,1250.0,1000,1250,0.2
2010/08/18,1215.0,1215.0,1215.0,1215.0,1000,1215,0.2
2010/08/19,1225.0,1225.0,1225.0,1225.0,1000,1225,0.2
2010/08/20,1225.0,1225.0,1225.0,1225.0,1000,1225,0.2
2010/08/23,1225.0,1225.0,1225.0,1225.0,1000,1225,0.2
2010/08/24,1225.0,1225.0,1225.0,1225.0,1000,1225,0.2
2010/08/25,1225.0,1225.0,1225.0,1225.0,1000,1225,0.2
2010/08/26,1225.0,1225.0,1225.0,1225.0,1000,1225,0.2
2010/08/27,1225.0,1225.0,1225.0,1225.0,1000,1225,0.2
2010/08/30,1225.0,1225.0,1225.0,1225.0,1000,1225,0.2
2010/08/31,1225.0,1225.0,1225.0,1225.0,1000,1225,0.2
2010/09/15,1185.0,1185.0,1185.0,1185.0,1000,1185,0.2
2010/09/22,1205.0,1205.0,1205.0,1205.0,1000,1205,0.2
2010/09/24,1220.0,1220.0,1220.0,1220.0,1000,1220,0.2
2010/09/27,1220.0,1220.0,1220.0,1220.0,1000,1220,0.2
2010/09/28,1220.0,1220.0,1220.0,1220.0,1000,1220,0.2
2010/09/29,1220.0,1220.0,1220.0,1220.0,1000,1220,0.2
2010/09/30,1220.0,1220.0,1220.0,1220.0,1000,1220,0.2
2010/10/20,1220.0,1220.0,1220.0,1220.0,1000,1220,0.2
2010/10/21,1220.0,1220.0,1220.0,1220.0,1000,1220,0.2
2010/10/22,1220.0,1220.0,1220.0,1220.0,1000,1220,0.2
2010/10/25,1220.0,1220.0,1220.0,1220.0,1000,1220,0.2
2010/11/16,1140.0,1140.0,1140.0,1140.0,1000,1140,0.2
2010/11/24,1160.0,1160.0,1160.0,1160.0,1000,1160,0.2
2010/11/25,1160.0,1160.0,1160.0,1160.0,1000,1160,0.2
2010/11/26,1160.0,1160.0,1160.0,1160.0,2000,1160,0.2
2010/11/29,1160.0,1160.0,1160.0,1160.0,1000,1160,0.2
2010/12/06,1160.0,1160.0,1160.0,1160.0,1000,1160,0.2
2010/12/20,1135.0,1135.0,1135.0,1135.0,1000,1135,0.2
2010/12/22,1055.0,1055.0,1000.0,1000.0,8000,1000,0.2
2010/12/27,960.0,960.0,960.0,960.0,2000,960,0.2
2011/01/13,990.0,990.0,990.0,990.0,1000,990,0.2
2011/01/18,975.0,975.0,975.0,975.0,1000,975,0.2
2011/01/21,1015.0,1015.0,1015.0,1015.0,1000,1015,0.2
2011/01/24,1015.0,1015.0,1015.0,1015.0,1000,1015,0.2
2011/01/25,1015.0,1015.0,1015.0,1015.0,1000,1015,0.2
2011/01/26,1015.0,1015.0,1015.0,1015.0,4000,1015,0.2
2011/01/27,1040.0,1040.0,1040.0,1040.0,1000,1040,0.2
2011/01/28,1040.0,1040.0,1040.0,1040.0,1000,1040,0.2
2011/02/03,1000.0,1000.0,1000.0,1000.0,3000,1000,0.2
2011/02/16,1050.0,1050.0,1050.0,1050.0,1000,1050,0.2
2011/02/17,1050.0,1050.0,1000.0,1000.0,12000,1000,0.2
2011/02/18,995.0,1000.0,995.0,1000.0,4000,1000,0.2
2011/02/21,1000.0,1000.0,1000.0,1000.0,1000,1000,0.2
2011/02/22,1000.0,1000.0,1000.0,1000.0,1000,1000,0.2
2011/02/23,1000.0,1000.0,1000.0,1000.0,1000,1000,0.2
2011/02/24,1000.0,1000.0,1000.0,1000.0,1000,1000,0.2
2011/02/25,1020.0,1020.0,1020.0,1020.0,2000,1020,0.2
2011/02/28,1015.0,1015.0,1015.0,1015.0,3000,1015,0.2
2011/03/22,990.0,990.0,990.0,990.0,1000,990,0.2
2011/03/23,990.0,990.0,990.0,990.0,1000,990,0.2
2011/03/24,1010.0,1010.0,1010.0,1010.0,1000,1010,0.2
2011/03/25,1010.0,1010.0,1010.0,1010.0,1000,1010,0.2
2011/04/15,1050.0,1090.0,1035.0,1090.0,5000,1090,0.2
2011/04/18,1230.0,1325.0,1150.0,1325.0,14000,1325,0.2
2011/04/19,1405.0,1405.0,1405.0,1405.0,3000,1405,0.2
2011/04/20,1405.0,1405.0,1405.0,1405.0,1000,1405,0.2
2011/04/21,1395.0,1430.0,1395.0,1430.0,7000,1430,0.2
2011/04/22,1420.0,1420.0,1420.0,1420.0,2000,1420,0.2
2011/04/25,1200.0,1200.0,1200.0,1200.0,2000,1200,0.2
2011/04/26,1100.0,1130.0,1020.0,1130.0,7000,1130,0.2
2011/04/27,1130.0,1130.0,1050.0,1080.0,6000,1080,0.2
2011/05/02,1080.0,1080.0,1080.0,1080.0,1000,1080,0.2
2011/05/06,1080.0,1080.0,1055.0,1055.0,4000,1055,0.2
2011/05/09,1060.0,1060.0,1060.0,1060.0,2000,1060,0.2
2011/05/18,1020.0,1020.0,1020.0,1020.0,1000,1020,0.2
2011/05/20,1045.0,1045.0,1045.0,1045.0,1000,1045,0.2
2011/05/23,1045.0,1045.0,1045.0,1045.0,1000,1045,0.2
2011/05/24,1055.0,1055.0,1055.0,1055.0,1000,1055,0.2
2011/05/25,1055.0,1055.0,1055.0,1055.0,1000,1055,0.2
2011/05/26,1055.0,1055.0,1055.0,1055.0,2000,1055,0.2
2011/06/10,1015.0,1015.0,1015.0,1015.0,1000,1015,0.2
2011/06/13,1075.0,1075.0,1075.0,1075.0,1000,1075,0.2
2011/06/15,1080.0,1080.0,1070.0,1070.0,2000,1070,0.2
2011/06/17,1080.0,1080.0,1080.0,1080.0,1000,1080,0.2
2011/06/20,1080.0,1080.0,1080.0,1080.0,1000,1080,0.2
2011/06/21,1065.0,1065.0,1065.0,1065.0,1000,1065,0.2
2011/06/22,1065.0,1065.0,1065.0,1065.0,1000,1065,0.2
2011/06/23,1080.0,1080.0,1080.0,1080.0,1000,1080,0.2
2011/06/24,1080.0,1080.0,1080.0,1080.0,1000,1080,0.2
2011/06/27,1080.0,1080.0,1080.0,1080.0,1000,1080,0.2
2011/07/12,1080.0,1080.0,1080.0,1080.0,1000,1080,0.2
2011/07/13,1080.0,1080.0,1080.0,1080.0,1000,1080,0.2
2011/07/20,1080.0,1080.0,1080.0,1080.0,1000,1080,0.2
2011/07/21,1080.0,1080.0,1080.0,1080.0,4000,1080,0.2
2011/07/22,1080.0,1080.0,1080.0,1080.0,1000,1080,0.2
2011/07/25,1080.0,1080.0,1080.0,1080.0,1000,1080,0.2
2011/08/19,1050.0,1050.0,1050.0,1050.0,1000,1050,0.2
2011/08/22,1050.0,1050.0,1050.0,1050.0,1000,1050,0.2
2011/08/23,1050.0,1050.0,1050.0,1050.0,1000,1050,0.2
2011/08/24,1050.0,1050.0,1050.0,1050.0,2000,1050,0.2
2011/08/25,1075.0,1075.0,1075.0,1075.0,1000,1075,0.2
2011/08/26,1075.0,1075.0,1075.0,1075.0,1000,1075,0.2
2011/09/14,1050.0,1050.0,1050.0,1050.0,1000,1050,0.2
2011/09/20,1050.0,1050.0,1050.0,1050.0,3000,1050,0.2
2011/09/21,1050.0,1075.0,1050.0,1075.0,3000,1075,0.2
2011/09/26,1075.0,1100.0,1075.0,1100.0,2000,1100,0.2
2011/09/27,1125.0,1125.0,1125.0,1125.0,2000,1125,0.2
2011/09/28,1150.0,1150.0,1150.0,1150.0,1000,1150,0.2
2011/10/21,1150.0,1150.0,1150.0,1150.0,1000,1150,0.2
2011/10/24,1175.0,1175.0,1175.0,1175.0,1000,1175,0.2
2011/10/26,1175.0,1175.0,1175.0,1175.0,1000,1175,0.2
2011/10/27,1200.0,1200.0,1200.0,1200.0,1000,1200,0.2
2011/10/28,1225.0,1225.0,1225.0,1225.0,1000,1225,0.2
2011/11/21,1220.0,1220.0,1220.0,1220.0,1000,1220,0.2
2011/11/22,1220.0,1220.0,1220.0,1220.0,1000,1220,0.2
2011/11/24,1220.0,1220.0,1220.0,1220.0,1000,1220,0.2
2011/11/25,1220.0,1220.0,1220.0,1220.0,1000,1220,0.2
2011/12/20,1215.0,1215.0,1215.0,1215.0,1000,1215,0.2
2011/12/21,1215.0,1215.0,1215.0,1215.0,1000,1215,0.2
2011/12/22,1215.0,1215.0,1215.0,1215.0,1000,1215,0.2
2012/01/20,1195.0,1195.0,1195.0,1195.0,1000,1195,0.2
2012/01/23,1195.0,1195.0,1195.0,1195.0,1000,1195,0.2
2012/01/24,1215.0,1215.0,1215.0,1215.0,1000,1215,0.2
2012/01/25,1215.0,1215.0,1215.0,1215.0,1000,1215,0.2
2012/02/02,1095.0,1095.0,1095.0,1095.0,1000,1095,0.2
2012/02/03,1200.0,1200.0,1200.0,1200.0,2000,1200,0.2
2012/02/10,1120.0,1120.0,1120.0,1120.0,1000,1120,0.2
2012/02/16,1080.0,1090.0,1080.0,1090.0,3000,1090,0.2
2012/02/21,1115.0,1115.0,1115.0,1115.0,1000,1115,0.2
2012/02/22,1115.0,1125.0,1115.0,1125.0,2000,1125,0.2
2012/02/23,1150.0,1150.0,1150.0,1150.0,1000,1150,0.2
2012/03/12,1185.0,1185.0,1185.0,1185.0,1000,1185,0.2
2012/03/13,1150.0,1150.0,1150.0,1150.0,1000,1150,0.2
2012/03/14,1150.0,1150.0,1150.0,1150.0,1000,1150,0.2
2012/03/15,1085.0,1085.0,1085.0,1085.0,1000,1085,0.2
2012/03/21,1110.0,1110.0,1110.0,1110.0,1000,1110,0.2
2012/03/26,1090.0,1090.0,1090.0,1090.0,1000,1090,0.2
2012/04/09,1075.0,1075.0,1075.0,1075.0,1000,1075,0.2
2012/04/19,1075.0,1075.0,1075.0,1075.0,1000,1075,0.2
2012/04/20,1075.0,1075.0,1075.0,1075.0,1000,1075,0.2
2012/04/23,1095.0,1095.0,1095.0,1095.0,1000,1095,0.2
2012/04/24,1095.0,1095.0,1095.0,1095.0,1000,1095,0.2
2012/04/26,1115.0,1115.0,1115.0,1115.0,1000,1115,0.2
2012/06/22,1125.0,1125.0,1125.0,1125.0,1000,1125,0.2
2012/06/25,1125.0,1125.0,1125.0,1125.0,1000,1125,0.2
2012/06/26,1125.0,1125.0,1125.0,1125.0,1000,1125,0.2
2012/06/28,1125.0,1125.0,1125.0,1125.0,1000,1125,0.2
2012/07/12,1150.0,1150.0,1150.0,1150.0,1000,1150,0.2
2012/07/13,1150.0,1150.0,1150.0,1150.0,1000,1150,0.2
2012/07/17,1170.0,1170.0,1170.0,1170.0,1000,1170,0.2
2012/07/18,1180.0,1180.0,1180.0,1180.0,1000,1180,0.2
2012/07/19,1190.0,1190.0,1190.0,1190.0,1000,1190,0.2
2012/07/20,1190.0,1190.0,1190.0,1190.0,1000,1190,0.2
2012/07/23,1200.0,1200.0,1200.0,1200.0,1000,1200,0.2
2012/07/24,1220.0,1220.0,1220.0,1220.0,1000,1220,0.2
2012/07/25,1225.0,1225.0,1225.0,1225.0,1000,1225,0.2
2012/07/26,1225.0,1225.0,1225.0,1225.0,1000,1225,0.2
2012/08/20,1225.0,1225.0,1225.0,1225.0,1000,1225,0.2
2012/08/21,1240.0,1240.0,1240.0,1240.0,1000,1240,0.2
2012/08/23,1260.0,1260.0,1260.0,1260.0,1000,1260,0.2
2012/09/04,1140.0,1140.0,1140.0,1140.0,1000,1140,0.2
2012/09/20,1165.0,1165.0,1165.0,1165.0,1000,1165,0.2
2012/09/24,1165.0,1165.0,1165.0,1165.0,1000,1165,0.2
2012/09/25,1165.0,1165.0,1165.0,1165.0,1000,1165,0.2
2012/09/26,1165.0,1165.0,1165.0,1165.0,1000,1165,0.2
2012/10/23,1165.0,1165.0,1165.0,1165.0,1000,1165,0.2
2012/11/20,1170.0,1170.0,1165.0,1165.0,4000,1165,0.2
2012/11/22,1205.0,1205.0,1205.0,1205.0,1000,1205,0.2
2012/11/29,1245.0,1245.0,1245.0,1245.0,1000,1245,0.2
2012/11/30,1285.0,1285.0,1285.0,1285.0,1000,1285,0.2
2012/12/06,1255.0,1255.0,1255.0,1255.0,1000,1255,0.2
2012/12/11,1150.0,1150.0,1150.0,1150.0,1000,1150,0.2
2012/12/20,1155.0,1180.0,1155.0,1180.0,2000,1180,0.2
2012/12/25,1180.0,1180.0,1180.0,1180.0,1000,1180,0.2
2013/01/04,1140.0,1140.0,1140.0,1140.0,1000,1140,0.2
2013/01/16,1120.0,1120.0,1120.0,1120.0,2000,1120,0.2
2013/01/22,1200.0,1200.0,1200.0,1200.0,2000,1200,0.2
2013/01/28,1225.0,1225.0,1225.0,1225.0,3000,1225,0.2
2013/02/20,1245.0,1245.0,1245.0,1245.0,3000,1245,0.2
2013/02/21,1250.0,1250.0,1250.0,1250.0,3000,1250,0.2
2013/02/22,1275.0,1275.0,1275.0,1275.0,3000,1275,0.2
2013/02/25,1305.0,1305.0,1305.0,1305.0,2000,1305,0.2
2013/03/15,1250.0,1250.0,1250.0,1250.0,1000,1250,0.2
2013/03/25,1275.0,1300.0,1275.0,1300.0,6000,1300,0.2
2013/03/26,1300.0,1300.0,1300.0,1300.0,1000,1300,0.2
2013/04/08,1500.0,1500.0,1220.0,1220.0,3000,1220,0.2
2013/04/23,1285.0,1285.0,1285.0,1285.0,2000,1285,0.2
2013/04/24,1300.0,1325.0,1300.0,1325.0,6000,1325,0.2
2013/04/25,1335.0,1360.0,1335.0,1360.0,3000,1360,0.2
2013/04/26,1375.0,1375.0,1375.0,1375.0,4000,1375,0.2
2013/04/30,1280.0,1300.0,1280.0,1300.0,4000,1300,0.2
2013/05/17,1335.0,1335.0,1255.0,1295.0,3000,1295,0.2
2013/05/20,1335.0,1335.0,1335.0,1335.0,2000,1335,0.2
2013/05/21,1335.0,1335.0,1335.0,1335.0,6000,1335,0.2
2013/05/27,1335.0,1335.0,1335.0,1335.0,4000,1335,0.2
2013/06/20,1335.0,1335.0,1335.0,1335.0,3000,1335,0.2
2013/06/21,1215.0,1250.0,1215.0,1250.0,3000,1250,0.2
2013/06/25,1250.0,1250.0,1250.0,1250.0,1000,1250,0.2
2013/06/26,1250.0,1250.0,1225.0,1225.0,3000,1225,0.2
2013/07/08,1125.0,1245.0,1125.0,1245.0,2000,1245,0.2
2013/07/12,1245.0,1245.0,1245.0,1245.0,1000,1245,0.2
2013/07/26,1300.0,1300.0,1300.0,1300.0,4000,1300,0.2
2013/08/19,1300.0,1300.0,1300.0,1300.0,1000,1300,0.2
2013/08/23,1315.0,1315.0,1315.0,1315.0,1000,1315,0.2
2013/09/05,1300.0,1300.0,1300.0,1300.0,2000,1300,0.2
2013/09/11,1340.0,1340.0,1340.0,1340.0,1000,1340,0.2
2013/09/12,1315.0,1350.0,1315.0,1350.0,2000,1350,0.2
2013/09/13,1390.0,1390.0,1390.0,1390.0,1000,1390,0.2
2013/09/20,1390.0,1440.0,1390.0,1440.0,5000,1440,0.2
2013/09/24,1450.0,1500.0,1450.0,1460.0,4000,1460,0.2
2013/09/25,1460.0,1460.0,1460.0,1460.0,3000,1460,0.2
2013/09/30,1460.0,1460.0,1460.0,1460.0,1000,1460,0.2
2013/10/18,1400.0,1400.0,1400.0,1400.0,1000,1400,0.2
2013/10/23,1415.0,1415.0,1415.0,1415.0,1000,1415,0.2
2013/10/24,1415.0,1415.0,1415.0,1415.0,1000,1415,0.2
2013/10/25,1415.0,1415.0,1415.0,1415.0,1000,1415,0.2
2013/10/28,1445.0,1445.0,1445.0,1445.0,1000,1445,0.2
2013/10/29,1445.0,1475.0,1445.0,1475.0,7000,1475,0.2
2013/11/08,1365.0,1365.0,1365.0,1365.0,1000,1365,0.2
2013/11/13,1350.0,1350.0,1350.0,1350.0,3000,1350,0.2
2013/11/14,1330.0,1330.0,1330.0,1330.0,1000,1330,0.2
2013/11/18,1330.0,1330.0,1210.0,1225.0,14000,1225,0.2
2013/11/19,1415.0,1415.0,1400.0,1400.0,5000,1400,0.2
2013/11/20,1395.0,1395.0,1395.0,1395.0,4000,1395,0.2
2013/11/21,1315.0,1360.0,1275.0,1360.0,7000,1360,0.2
2013/11/26,1395.0,1395.0,1395.0,1395.0,1000,1395,0.2
2013/11/28,1355.0,1355.0,1355.0,1355.0,1000,1355,0.2
2013/12/09,1325.0,1325.0,1325.0,1325.0,1000,1325,0.2
2013/12/10,1325.0,1325.0,1315.0,1315.0,4000,1315,0.2
2013/12/12,1275.0,1275.0,1275.0,1275.0,2000,1275,0.2
2013/12/19,1300.0,1300.0,1300.0,1300.0,1000,1300,0.2
2013/12/20,1300.0,1300.0,1300.0,1300.0,3000,1300,0.2
2013/12/25,1230.0,1230.0,1230.0,1230.0,1000,1230,0.2
2013/12/27,1250.0,1250.0,1250.0,1250.0,1000,1250,0.2
2013/12/30,1320.0,1320.0,1320.0,1320.0,5000,1320,0.2
2014/01/10,1300.0,1300.0,1300.0,1300.0,1000,1300,0.2
2014/01/15,1300.0,1300.0,1300.0,1300.0,1000,1300,0.2
2014/01/17,1315.0,1365.0,1295.0,1325.0,16000,1325,0.2
2014/01/20,1345.0,1365.0,1345.0,1350.0,5000,1350,0.2
2014/01/21,1365.0,1395.0,1350.0,1350.0,9000,1350,0.2
2014/01/22,1350.0,1350.0,1350.0,1350.0,2000,1350,0.2
2014/01/23,1350.0,1350.0,1350.0,1350.0,5000,1350,0.2
2014/01/27,1350.0,1350.0,1350.0,1350.0,2000,1350,0.2
2014/02/06,1280.0,1280.0,1260.0,1275.0,5000,1275,0.2
2014/02/07,1235.0,1235.0,1235.0,1235.0,3000,1235,0.2
2014/02/13,1275.0,1275.0,1275.0,1275.0,1000,1275,0.2
2014/02/14,1310.0,1310.0,1310.0,1310.0,1000,1310,0.2
2014/02/20,1290.0,1290.0,1290.0,1290.0,3000,1290,0.2
2014/02/27,1245.0,1250.0,1245.0,1250.0,3000,1250,0.2
2014/03/06,1225.0,1225.0,1225.0,1225.0,1000,1225,0.2
2014/03/20,1225.0,1230.0,1205.0,1230.0,6000,1230,0.2
2014/03/24,1190.0,1190.0,1190.0,1190.0,1000,1190,0.2
2014/04/01,1195.0,1195.0,1195.0,1195.0,1000,1195,0.2
2014/04/18,1275.0,1405.0,1275.0,1335.0,21000,1335,0.2
2014/04/21,1335.0,1345.0,1335.0,1345.0,6000,1345,0.2
2014/04/22,1310.0,1390.0,1310.0,1310.0,4000,1310,0.2
2014/04/23,1340.0,1340.0,1340.0,1340.0,1000,1340,0.2
2014/04/24,1380.0,1380.0,1380.0,1380.0,1000,1380,0.2
2014/04/25,1390.0,1445.0,1390.0,1430.0,6000,1430,0.2
2014/04/30,1355.0,1355.0,1355.0,1355.0,1000,1355,0.2
2014/05/01,1410.0,1415.0,1410.0,1415.0,2000,1415,0.2
2014/05/02,1260.0,1275.0,1260.0,1275.0,2000,1275,0.2
2014/05/07,1250.0,1250.0,1250.0,1250.0,1000,1250,0.2
2014/05/12,1250.0,1250.0,1250.0,1250.0,1000,1250,0.2
2014/05/20,1250.0,1270.0,1250.0,1270.0,5000,1270,0.2
2014/05/21,1250.0,1250.0,1250.0,1250.0,1000,1250,0.2
2014/05/26,1250.0,1250.0,1250.0,1250.0,2000,1250,0.2
2014/05/27,1325.0,1325.0,1325.0,1325.0,4000,1325,0.2
2014/05/28,1260.0,1260.0,1260.0,1260.0,4000,1260,0.2
2014/06/20,1275.0,1300.0,1275.0,1300.0,3000,1300,0.2
2014/06/23,1300.0,1300.0,1300.0,1300.0,3000,1300,0.2
2014/06/30,1300.0,1300.0,1300.0,1300.0,5000,1300,0.2
2014/07/04,1260.0,1260.0,1260.0,1260.0,2000,1260,0.2
2014/07/10,1275.0,1275.0,1275.0,1275.0,1000,1275,0.2
2014/07/11,1295.0,1295.0,1295.0,1295.0,1000,1295,0.2
2014/07/14,1295.0,1300.0,1295.0,1300.0,3000,1300,0.2
2014/07/22,1340.0,1340.0,1340.0,1340.0,1000,1340,0.2
2014/07/23,1350.0,1385.0,1350.0,1355.0,4000,1355,0.2
2014/07/24,1380.0,1420.0,1380.0,1420.0,7000,1420,0.2
2014/07/25,1430.0,1430.0,1350.0,1350.0,9000,1350,0.2
2014/07/29,1355.0,1355.0,1355.0,1355.0,2000,1355,0.2
2014/07/31,1360.0,1360.0,1350.0,1350.0,3000,1350,0.2
2014/08/05,1360.0,1360.0,1360.0,1360.0,1000,1360,0.2
2014/08/06,1365.0,1365.0,1365.0,1365.0,1000,1365,0.2
2014/08/07,1355.0,1365.0,1355.0,1365.0,4000,1365,0.2
2014/08/19,1395.0,1395.0,1395.0,1395.0,1000,1395,0.2
2014/08/20,1405.0,1425.0,1395.0,1425.0,23000,1425,0.2
2014/08/26,1400.0,1400.0,1400.0,1400.0,1000,1400,0.2
2014/08/27,1365.0,1365.0,1360.0,1360.0,2000,1360,0.2
2014/09/12,1365.0,1365.0,1365.0,1365.0,3000,1365,0.2
2014/09/16,1390.0,1390.0,1390.0,1390.0,1000,1390,0.2
2014/09/22,1400.0,1400.0,1400.0,1400.0,1000,1400,0.2
2014/09/24,1360.0,1360.0,1355.0,1355.0,3000,1355,0.2
2014/09/25,1320.0,1320.0,1320.0,1320.0,2000,1320,0.2
2014/09/26,1345.0,1345.0,1345.0,1345.0,1000,1345,0.2
2014/09/30,1365.0,1380.0,1365.0,1380.0,3000,1380,0.2
2014/10/01,1345.0,1345.0,1345.0,1345.0,1000,1345,0.2
2014/10/07,1385.0,1385.0,1385.0,1385.0,1000,1385,0.2
2014/10/08,1385.0,1385.0,1380.0,1380.0,2000,1380,0.2
2014/10/20,1310.0,1310.0,1310.0,1310.0,1000,1310,0.2
2014/10/21,1315.0,1315.0,1315.0,1315.0,1000,1315,0.2
2014/11/04,1300.0,1300.0,1275.0,1275.0,2000,1275,0.2
2014/11/05,1250.0,1285.0,1250.0,1275.0,5000,1275,0.2
2014/11/12,1250.0,1250.0,1250.0,1250.0,2000,1250,0.2
2014/11/20,1250.0,1290.0,1250.0,1290.0,3000,1290,0.2
2014/11/21,1300.0,1345.0,1300.0,1345.0,3000,1345,0.2
2014/11/26,1345.0,1345.0,1345.0,1345.0,1000,1345,0.2
2014/12/03,1300.0,1300.0,1300.0,1300.0,1000,1300,0.2
2014/12/08,1260.0,1300.0,1260.0,1295.0,3000,1295,0.2
2014/12/10,1300.0,1300.0,1300.0,1300.0,3000,1300,0.2
2014/12/15,1260.0,1260.0,1245.0,1250.0,3000,1250,0.2
2014/12/19,1245.0,1245.0,1245.0,1245.0,3000,1245,0.2
2014/12/22,1245.0,1245.0,1210.0,1210.0,3000,1210,0.2
2014/12/24,1215.0,1230.0,1200.0,1230.0,5000,1230,0.2
2014/12/25,1230.0,1230.0,1230.0,1230.0,1000,1230,0.2
2014/12/29,1245.0,1245.0,1230.0,1230.0,2000,1230,0.2
2014/12/30,1310.0,1310.0,1310.0,1310.0,5000,1310,0.2
2015/01/20,1300.0,1300.0,1300.0,1300.0,1000,1300,0.2
2015/01/21,1300.0,1300.0,1300.0,1300.0,1000,1300,0.2
2015/02/18,1340.0,1340.0,1340.0,1340.0,1000,1340,0.2
2015/02/20,1305.0,1305.0,1305.0,1305.0,1000,1305,0.2
2015/02/25,1250.0,1280.0,1250.0,1280.0,3000,1280,0.2
2015/02/26,1285.0,1285.0,1275.0,1275.0,5000,1275,0.2
2015/02/27,1280.0,1280.0,1280.0,1280.0,1000,1280,0.2
2015/03/03,1280.0,1315.0,1280.0,1315.0,11000,1315,0.2
2015/03/13,1340.0,1340.0,1285.0,1285.0,9000,1285,0.2
2015/03/16,1285.0,1285.0,1285.0,1285.0,5000,1285,0.2
2015/03/17,1270.0,1300.0,1270.0,1300.0,8000,1300,0.2
2015/03/18,1270.0,1270.0,1260.0,1260.0,2000,1260,0.2
2015/03/20,1260.0,1280.0,1225.0,1225.0,9000,1225,0.2
2015/03/24,1230.0,1230.0,1230.0,1230.0,1000,1230,0.2
2015/03/26,1240.0,1240.0,1235.0,1235.0,3000,1235,0.2
2015/03/31,1235.0,1235.0,1235.0,1235.0,1000,1235,0.2
2015/04/01,1230.0,1230.0,1230.0,1230.0,2000,1230,0.2
2015/04/02,1270.0,1270.0,1270.0,1270.0,1000,1270,0.2
2015/04/14,1265.0,1265.0,1265.0,1265.0,1000,1265,0.2
2015/04/16,1460.0,1520.0,1360.0,1385.0,46000,1385,0.2
2015/04/17,1355.0,1355.0,1280.0,1285.0,20000,1285,0.2
2015/04/20,1285.0,1290.0,1280.0,1280.0,3000,1280,0.2
2015/04/21,1280.0,1280.0,1280.0,1280.0,2000,1280,0.2
2015/04/22,1310.0,1320.0,1310.0,1320.0,4000,1320,0.2
2015/04/23,1310.0,1310.0,1310.0,1310.0,1000,1310,0.2
2015/04/27,1280.0,1280.0,1275.0,1275.0,2000,1275,0.2
2015/04/28,1305.0,1305.0,1300.0,1300.0,4000,1300,0.2
2015/05/01,1295.0,1295.0,1295.0,1295.0,1000,1295,0.2
2015/05/08,1295.0,1295.0,1295.0,1295.0,1000,1295,0.2
2015/05/11,1280.0,1280.0,1270.0,1270.0,4000,1270,0.2
2015/05/12,1260.0,1260.0,1260.0,1260.0,2000,1260,0.2
2015/05/15,1260.0,1260.0,1260.0,1260.0,1000,1260,0.2
2015/05/19,1285.0,1285.0,1285.0,1285.0,2000,1285,0.2
2015/05/20,1285.0,1285.0,1260.0,1260.0,4000,1260,0.2
2015/05/28,1295.0,1325.0,1295.0,1325.0,13000,1325,0.2
2015/05/29,1315.0,1315.0,1315.0,1315.0,1000,1315,0.2
2015/06/01,1280.0,1350.0,1280.0,1350.0,7000,1350,0.2
2015/06/02,1280.0,1305.0,1280.0,1305.0,4000,1305,0.2
2015/06/03,1330.0,1330.0,1330.0,1330.0,2000,1330,0.2
2015/06/04,1350.0,1350.0,1350.0,1350.0,1000,1350,0.2
2015/06/08,1335.0,1335.0,1335.0,1335.0,1000,1335,0.2
2015/06/09,1330.0,1330.0,1325.0,1325.0,2000,1325,0.2
2015/06/15,1355.0,1355.0,1350.0,1350.0,2000,1350,0.2
2015/06/16,1335.0,1335.0,1305.0,1305.0,4000,1305,0.2
2015/06/18,1320.0,1320.0,1320.0,1320.0,1000,1320,0.2
2015/06/22,1320.0,1320.0,1305.0,1305.0,3000,1305,0.2
2015/06/24,1285.0,1285.0,1285.0,1285.0,4000,1285,0.2
2015/06/30,1285.0,1285.0,1285.0,1285.0,5000,1285,0.2
2015/07/02,1280.0,1280.0,1280.0,1280.0,1000,1280,0.2
2015/07/06,1280.0,1320.0,1280.0,1280.0,7000,1280,0.2
2015/07/09,1285.0,1285.0,1255.0,1255.0,5000,1255,0.2
2015/07/10,1250.0,1250.0,1250.0,1250.0,1000,1250,0.2
2015/07/14,1305.0,1345.0,1305.0,1345.0,2000,1345,0.2
2015/07/15,1375.0,1375.0,1375.0,1375.0,1000,1375,0.2
2015/07/21,1375.0,1375.0,1375.0,1375.0,20000,1375,0.2
2015/07/22,1410.0,1465.0,1410.0,1465.0,2000,1465,0.2
2015/07/23,1470.0,1500.0,1445.0,1500.0,11000,1500,0.2
2015/07/24,1350.0,1355.0,1350.0,1355.0,12000,1355,0.2
2015/07/27,1355.0,1370.0,1350.0,1350.0,6000,1350,0.2
2015/07/28,1310.0,1350.0,1310.0,1350.0,3000,1350,0.2
2015/07/29,1310.0,1310.0,1310.0,1310.0,7000,1310,0.2
2015/07/30,1350.0,1350.0,1310.0,1310.0,4000,1310,0.2
2015/08/05,1330.0,1330.0,1290.0,1290.0,2000,1290,0.2
2015/08/06,1300.0,1300.0,1300.0,1300.0,1000,1300,0.2
2015/08/07,1300.0,1300.0,1300.0,1300.0,3000,1300,0.2
2015/08/10,1300.0,1300.0,1300.0,1300.0,1000,1300,0.2
2015/08/17,1300.0,1300.0,1300.0,1300.0,2000,1300,0.2
2015/08/20,1305.0,1305.0,1295.0,1295.0,3000,1295,0.2
2015/08/24,1280.0,1280.0,1280.0,1280.0,2000,1280,0.2
2015/08/25,1200.0,1200.0,1200.0,1200.0,8000,1200,0.2
2015/08/28,1215.0,1215.0,1215.0,1215.0,5000,1215,0.2
2015/09/07,1340.0,1340.0,1340.0,1340.0,2000,1340,0.2
2015/09/08,1260.0,1260.0,1220.0,1220.0,2000,1220,0.2
2015/09/09,1240.0,1240.0,1235.0,1235.0,2000,1235,0.2
2015/09/11,1235.0,1265.0,1235.0,1265.0,4000,1265,0.2
2015/09/24,1265.0,1265.0,1265.0,1265.0,1000,1265,0.2
2015/09/28,1265.0,1265.0,1265.0,1265.0,1000,1265,0.2
2015/10/20,1300.0,1300.0,1300.0,1300.0,1000,1300,0.2
2015/10/23,1275.0,1275.0,1275.0,1275.0,1000,1275,0.2
2015/10/26,1275.0,1275.0,1275.0,1275.0,1000,1275,0.2
2015/10/28,1275.0,1275.0,1275.0,1275.0,6000,1275,0.2
2015/10/29,1275.0,1275.0,1235.0,1235.0,3000,1235,0.2
2015/10/30,1250.0,1250.0,1250.0,1250.0,1000,1250,0.2
2015/11/04,1260.0,1260.0,1260.0,1260.0,1000,1260,0.2
2015/11/20,1260.0,1260.0,1245.0,1245.0,4000,1245,0.2
2015/11/27,1270.0,1270.0,1245.0,1245.0,2000,1245,0.2
2015/12/01,1285.0,1285.0,1285.0,1285.0,1000,1285,0.2
2015/12/03,1250.0,1250.0,1245.0,1245.0,2000,1245,0.2
2015/12/04,1230.0,1250.0,1230.0,1250.0,2000,1250,0.2
2015/12/17,1235.0,1250.0,1235.0,1250.0,2000,1250,0.2
2015/12/21,1250.0,1250.0,1250.0,1250.0,2000,1250,0.2
2015/12/24,1250.0,1250.0,1250.0,1250.0,1000,1250,0.2
2015/12/28,1250.0,1250.0,1250.0,1250.0,1000,1250,0.2
2015/12/30,1230.0,1230.0,1230.0,1230.0,5000,1230,0.2
2016/01/04,1245.0,1245.0,1245.0,1245.0,3000,1245,0.2
2016/01/06,1255.0,1255.0,1255.0,1255.0,1000,1255,0.2
2016/01/07,1255.0,1255.0,1255.0,1255.0,1000,1255,0.2
2016/01/08,1250.0,1250.0,1250.0,1250.0,1000,1250,0.2
2016/01/12,1245.0,1245.0,1215.0,1215.0,2000,1215,0.2
2016/01/13,1215.0,1215.0,1215.0,1215.0,1000,1215,0.2
2016/01/20,1215.0,1215.0,1215.0,1215.0,3000,1215,0.2
2016/01/21,1215.0,1215.0,1215.0,1215.0,3000,1215,0.2
2016/01/22,1215.0,1215.0,1215.0,1215.0,2000,1215,0.2
2016/01/26,1225.0,1225.0,1215.0,1215.0,2000,1215,0.2
2016/01/27,1215.0,1215.0,1215.0,1215.0,1000,1215,0.2
2016/01/28,1215.0,1215.0,1215.0,1215.0,1000,1215,0.2
2016/01/29,1215.0,1215.0,1215.0,1215.0,1000,1215,0.2
2016/02/02,1245.0,1245.0,1245.0,1245.0,2000,1245,0.2
2016/02/03,1245.0,1245.0,1245.0,1245.0,1000,1245,0.2
2016/02/04,1245.0,1245.0,1245.0,1245.0,1000,1245,0.2
2016/02/05,1245.0,1245.0,1245.0,1245.0,1000,1245,0.2
2016/02/08,1245.0,1245.0,1245.0,1245.0,1000,1245,0.2
2016/02/09,1240.0,1240.0,1240.0,1240.0,1000,1240,0.2
2016/02/10,1235.0,1235.0,1235.0,1235.0,1000,1235,0.2
2016/02/15,1195.0,1195.0,1155.0,1180.0,3000,1180,0.2
2016/02/16,1140.0,1140.0,1140.0,1140.0,1000,1140,0.2
2016/02/18,1150.0,1150.0,1150.0,1150.0,1000,1150,0.2
2016/02/19,1170.0,1170.0,1130.0,1130.0,2000,1130,0.2
2016/02/22,1155.0,1155.0,1155.0,1155.0,2000,1155,0.2
2016/02/23,1155.0,1155.0,1155.0,1155.0,1000,1155,0.2
2016/03/11,1195.0,1250.0,1175.0,1175.0,7000,1175,0.2
2016/03/16,1175.0,1175.0,1175.0,1175.0,1000,1175,0.2
2016/03/22,1175.0,1175.0,1175.0,1175.0,2000,1175,0.2
2016/03/23,1160.0,1160.0,1160.0,1160.0,1000,1160,0.2
2016/03/24,1175.0,1200.0,1175.0,1200.0,3000,1200,0.2
2016/03/25,1200.0,1200.0,1200.0,1200.0,1000,1200,0.2
2016/03/28,1200.0,1200.0,1200.0,1200.0,1000,1200,0.2
2016/04/20,1200.0,1200.0,1200.0,1200.0,2000,1200,0.2
2016/04/21,1160.0,1160.0,1160.0,1160.0,1000,1160,0.2
2016/04/22,1165.0,1185.0,1165.0,1180.0,5000,1180,0.2
2016/04/26,1195.0,1220.0,1195.0,1215.0,3000,1215,0.2
2016/04/27,1195.0,1195.0,1195.0,1195.0,1000,1195,0.2
2016/05/11,1135.0,1160.0,1135.0,1160.0,11000,1160,0.2
2016/05/12,1150.0,1175.0,1150.0,1175.0,2000,1175,0.2
2016/05/13,1160.0,1195.0,1160.0,1190.0,3000,1190,0.2
2016/05/16,1175.0,1175.0,1175.0,1175.0,1000,1175,0.2
2016/05/20,1175.0,1175.0,1175.0,1175.0,2000,1175,0.2
2016/05/24,1150.0,1175.0,1150.0,1170.0,4000,1170,0.2
2016/06/06,1150.0,1175.0,1150.0,1175.0,3000,1175,0.2
2016/06/07,1155.0,1175.0,1155.0,1170.0,5000,1170,0.2
2016/06/08,1170.0,1170.0,1160.0,1160.0,2000,1160,0.2
2016/06/10,1155.0,1155.0,1155.0,1155.0,3000,1155,0.2
2016/06/20,1155.0,1155.0,1155.0,1155.0,1000,1155,0.2
2016/07/06,1155.0,1155.0,1155.0,1155.0,3000,1155,0.2
2016/07/14,1155.0,1170.0,1155.0,1170.0,4000,1170,0.2
2016/07/15,1185.0,1185.0,1185.0,1185.0,1000,1185,0.2
2016/07/19,1185.0,1185.0,1185.0,1185.0,3000,1185,0.2
2016/07/20,1200.0,1220.0,1165.0,1165.0,37000,1165,0.2
2016/07/21,1150.0,1150.0,1120.0,1125.0,9000,1125,0.2
2016/07/22,1130.0,1130.0,1130.0,1130.0,1000,1130,0.2
2016/07/26,1165.0,1165.0,1165.0,1165.0,1000,1165,0.2
2016/07/27,1165.0,1165.0,1160.0,1165.0,4000,1165,0.2
2016/07/28,1160.0,1160.0,1160.0,1160.0,1000,1160,0.2
2016/08/02,1160.0,1160.0,1160.0,1160.0,2000,1160,0.2
2016/08/16,1135.0,1135.0,1135.0,1135.0,1000,1135,0.2
2016/08/22,1135.0,1135.0,1135.0,1135.0,1000,1135,0.2
2016/08/26,1135.0,1135.0,1135.0,1135.0,2000,1135,0.2
2016/09/01,1135.0,1135.0,1135.0,1135.0,1000,1135,0.2
2016/09/20,1135.0,1135.0,1115.0,1120.0,6000,1120,0.2
2016/09/23,1115.0,1115.0,1115.0,1115.0,2000,1115,0.2
2016/09/26,1125.0,1125.0,1125.0,1125.0,1000,1125,0.2
2016/09/27,1115.0,1115.0,1115.0,1115.0,1000,1115,0.2
2016/09/28,1115.0,1130.0,1115.0,1130.0,2000,1130,0.2
2016/09/30,1100.0,1100.0,1100.0,1100.0,7000,1100,0.2
2016/10/03,1115.0,1115.0,1115.0,1115.0,1000,1115,0.2
2016/10/13,1115.0,1125.0,1115.0,1125.0,3000,1125,0.2
2016/10/20,1125.0,1125.0,1115.0,1115.0,4000,1115,0.2
2016/10/21,1110.0,1110.0,1110.0,1110.0,1000,1110,0.2
2016/10/24,1125.0,1125.0,1125.0,1125.0,3000,1125,0.2
2016/10/27,1125.0,1125.0,1125.0,1125.0,4000,1125,0.2
2016/10/28,1125.0,1125.0,1125.0,1125.0,3000,1125,0.2
2016/11/09,1130.0,1130.0,1125.0,1125.0,2000,1125,0.2
2016/11/11,1125.0,1125.0,1125.0,1125.0,1000,1125,0.2
2016/11/18,1130.0,1130.0,1130.0,1130.0,1000,1130,0.2
2016/11/21,1160.0,1160.0,1160.0,1160.0,2000,1160,0.2
2016/11/22,1160.0,1160.0,1150.0,1150.0,4000,1150,0.2
2016/11/24,1150.0,1150.0,1150.0,1150.0,1000,1150,0.2
2016/11/29,1150.0,1150.0,1150.0,1150.0,2000,1150,0.2
2016/12/01,1145.0,1145.0,1145.0,1145.0,3000,1145,0.2
2016/12/08,1145.0,1145.0,1145.0,1145.0,2000,1145,0.2
2016/12/13,1145.0,1145.0,1145.0,1145.0,9000,1145,0.2
2016/12/15,1145.0,1160.0,1145.0,1145.0,4000,1145,0.2
2016/12/16,1145.0,1145.0,1145.0,1145.0,3000,1145,0.2
2016/12/19,1150.0,1150.0,1145.0,1145.0,2000,1145,0.2
2016/12/20,1145.0,1145.0,1145.0,1145.0,5000,1145,0.2
2016/12/26,1145.0,1145.0,1145.0,1145.0,3000,1145,0.2
2016/12/27,1145.0,1145.0,1140.0,1145.0,3000,1145,0.2
2016/12/28,1145.0,1150.0,1145.0,1150.0,2000,1150,0.2
2016/12/29,1155.0,1155.0,1155.0,1155.0,1000,1155,0.2
2016/12/30,1155.0,1155.0,1155.0,1155.0,3000,1155,0.2
2017/01/05,1155.0,1155.0,1155.0,1155.0,2000,1155,0.2
2017/01/06,1150.0,1150.0,1135.0,1135.0,6000,1135,0.2
2017/01/10,1150.0,1150.0,1145.0,1145.0,4000,1145,0.2
2017/01/11,1145.0,1145.0,1145.0,1145.0,3000,1145,0.2
2017/01/12,1160.0,1160.0,1145.0,1145.0,4000,1145,0.2
2017/01/16,1145.0,1145.0,1145.0,1145.0,1000,1145,0.2
2017/01/18,1140.0,1140.0,1140.0,1140.0,3000,1140,0.2
2017/01/19,1140.0,1140.0,1140.0,1140.0,1000,1140,0.2
2017/01/23,1140.0,1140.0,1140.0,1140.0,1000,1140,0.2
2017/01/25,1140.0,1140.0,1140.0,1140.0,2000,1140,0.2
2017/01/26,1145.0,1145.0,1145.0,1145.0,3000,1145,0.2
2017/01/27,1155.0,1175.0,1155.0,1175.0,7000,1175,0.2
2017/01/30,1175.0,1175.0,1175.0,1175.0,5000,1175,0.2
2017/02/01,1175.0,1190.0,1175.0,1190.0,7000,1190,0.2
2017/02/02,1175.0,1190.0,1175.0,1190.0,5000,1190,0.2
2017/02/03,1190.0,1190.0,1190.0,1190.0,4000,1190,0.2
2017/02/08,1195.0,1195.0,1195.0,1195.0,1000,1195,0.2
2017/02/09,1210.0,1235.0,1200.0,1235.0,6000,1235,0.2
2017/02/10,1240.0,1265.0,1235.0,1235.0,5000,1235,0.2
2017/02/13,1255.0,1255.0,1230.0,1235.0,5000,1235,0.2
2017/02/14,1230.0,1230.0,1230.0,1230.0,3000,1230,0.2
2017/02/16,1235.0,1235.0,1235.0,1235.0,3000,1235,0.2
2017/02/21,1235.0,1235.0,1235.0,1235.0,2000,1235,0.2
2017/02/22,1235.0,1235.0,1235.0,1235.0,2000,1235,0.2
2017/02/23,1275.0,1275.0,1275.0,1275.0,1000,1275,0.2
2017/02/27,1270.0,1275.0,1265.0,1275.0,3000,1275,0.2
2017/03/03,1245.0,1250.0,1245.0,1250.0,2000,1250,0.2
2017/03/06,1250.0,1250.0,1250.0,1250.0,3000,1250,0.2
2017/03/07,1265.0,1265.0,1265.0,1265.0,1000,1265,0.2
2017/03/08,1260.0,1265.0,1255.0,1265.0,3000,1265,0.2
2017/03/09,1265.0,1265.0,1265.0,1265.0,4000,1265,0.2
2017/03/14,1255.0,1265.0,1255.0,1265.0,10000,1265,0.2
2017/03/21,1230.0,1250.0,1230.0,1250.0,2000,1250,0.2
2017/03/22,1250.0,1250.0,1250.0,1250.0,4000,1250,0.2
2017/03/23,1280.0,1280.0,1280.0,1280.0,5000,1280,0.2
2017/03/27,1270.0,1275.0,1270.0,1275.0,2000,1275,0.2
2017/03/28,1270.0,1275.0,1270.0,1275.0,4000,1275,0.2
2017/03/29,1215.0,1250.0,1215.0,1250.0,3000,1250,0.2
2017/04/04,1235.0,1235.0,1235.0,1235.0,3000,1235,0.2
2017/04/05,1195.0,1215.0,1195.0,1215.0,5000,1215,0.2
2017/04/06,1180.0,1210.0,1180.0,1210.0,7000,1210,0.2
2017/04/10,1215.0,1225.0,1210.0,1210.0,3000,1210,0.2
2017/04/11,1230.0,1230.0,1215.0,1215.0,2000,1215,0.2
2017/04/12,1175.0,1210.0,1175.0,1210.0,2000,1210,0.2
2017/04/13,1195.0,1200.0,1185.0,1185.0,3000,1185,0.2
2017/04/14,1180.0,1185.0,1180.0,1185.0,2000,1185,0.2
2017/05/01,1330.0,1335.0,1330.0,1330.0,4000,1330,0.2
2017/05/02,1250.0,1405.0,1235.0,1385.0,14000,1385,0.2
2017/05/08,1380.0,1380.0,1315.0,1345.0,9000,1345,0.2
2017/05/09,1375.0,1375.0,1375.0,1375.0,2000,1375,0.2
2017/05/10,1365.0,1370.0,1340.0,1340.0,4000,1340,0.2
2017/05/12,1340.0,1350.0,1340.0,1350.0,17000,1350,0.2
2017/05/15,1350.0,1350.0,1335.0,1335.0,4000,1335,0.2
2017/05/16,1335.0,1335.0,1335.0,1335.0,1000,1335,0.2
2017/05/18,1335.0,1335.0,1335.0,1335.0,2000,1335,0.2
2017/05/22,1335.0,1350.0,1335.0,1345.0,15000,1345,0.2
2017/05/24,1345.0,1345.0,1345.0,1345.0,2000,1345,0.2
2017/05/25,1340.0,1345.0,1335.0,1345.0,5000,1345,0.2
2017/05/26,1345.0,1345.0,1345.0,1345.0,2000,1345,0.2
2017/05/30,1345.0,1345.0,1345.0,1345.0,11000,1345,0.2
2017/06/01,1345.0,1350.0,1345.0,1350.0,11000,1350,0.2
2017/06/02,1350.0,1350.0,1350.0,1350.0,6000,1350,0.2
2017/06/05,1345.0,1350.0,1345.0,1350.0,8000,1350,0.2
2017/06/06,1350.0,1350.0,1350.0,1350.0,7000,1350,0.2
2017/06/07,1350.0,1350.0,1350.0,1350.0,2000,1350,0.2
2017/06/08,1350.0,1365.0,1350.0,1365.0,3000,1365,0.2
2017/06/14,1365.0,1390.0,1365.0,1390.0,9000,1390,0.2
2017/06/15,1375.0,1375.0,1375.0,1375.0,3000,1375,0.2
2017/06/16,1375.0,1375.0,1375.0,1375.0,1000,1375,0.2
2017/06/19,1390.0,1410.0,1390.0,1410.0,3000,1410,0.2
2017/06/20,1410.0,1415.0,1410.0,1415.0,6000,1415,0.2
2017/06/21,1415.0,1415.0,1415.0,1415.0,1000,1415,0.2
2017/06/22,1405.0,1415.0,1405.0,1415.0,2000,1415,0.2
2017/06/26,1415.0,1415.0,1415.0,1415.0,1000,1415,0.2
2017/06/27,1400.0,1400.0,1400.0,1400.0,3000,1400,0.2
2017/06/28,1390.0,1390.0,1380.0,1380.0,2000,1380,0.2
2017/06/29,1380.0,1380.0,1380.0,1380.0,1000,1380,0.2
2017/06/30,1380.0,1380.0,1375.0,1375.0,2000,1375,0.2
2017/07/19,1385.0,1385.0,1385.0,1385.0,1000,1385,0.2
2017/07/20,1425.0,1440.0,1425.0,1440.0,6000,1440,0.2
2017/07/21,1520.0,1560.0,1460.0,1475.0,16000,1475,0.2
2017/07/24,1540.0,1615.0,1495.0,1495.0,8000,1495,0.2
2017/07/25,1535.0,1555.0,1535.0,1555.0,3000,1555,0.2
2017/07/26,1485.0,1525.0,1445.0,1520.0,5000,1520,0.2
2017/07/27,1520.0,1520.0,1520.0,1520.0,4000,1520,0.2
2017/07/28,1445.0,1460.0,1410.0,1425.0,17000,1425,0.2
2017/07/31,1430.0,1430.0,1430.0,1430.0,3000,1430,0.2
2017/08/02,1470.0,1470.0,1470.0,1470.0,1000,1470,0.2
2017/08/03,1430.0,1430.0,1430.0,1430.0,1000,1430,0.2
2017/08/07,1465.0,1465.0,1445.0,1445.0,2000,1445,0.2
2017/08/08,1460.0,1460.0,1460.0,1460.0,1000,1460,0.2
2017/08/09,1445.0,1445.0,1445.0,1445.0,1000,1445,0.2
2017/08/16,1430.0,1430.0,1430.0,1430.0,2000,1430,0.2
2017/08/21,1450.0,1450.0,1450.0,1450.0,7000,1450,0.2
2017/08/22,1450.0,1450.0,1435.0,1435.0,21000,1435,0.2
2017/08/23,1450.0,1450.0,1445.0,1445.0,2000,1445,0.2
2017/08/24,1445.0,1445.0,1445.0,1445.0,1000,1445,0.2
2017/08/28,1445.0,1445.0,1445.0,1445.0,2000,1445,0.2
2017/08/30,1460.0,1460.0,1435.0,1435.0,4000,1435,0.2
2017/08/31,1440.0,1440.0,1440.0,1440.0,10000,1440,0.2
2017/09/01,1440.0,1440.0,1440.0,1440.0,2000,1440,0.2
2017/09/04,1445.0,1445.0,1445.0,1445.0,1000,1445,0.2
2017/09/05,1445.0,1450.0,1435.0,1450.0,6000,1450,0.2
2017/09/11,1445.0,1450.0,1445.0,1450.0,7000,1450,0.2
2017/09/12,1435.0,1465.0,1435.0,1465.0,4000,1465,0.2
2017/09/19,1467,1467,1466,1466,300,1466,1
2017/09/20,1466,1466,1466,1466,300,1466,1
2017/09/25,1526,1526,1486,1486,300,1486,1
2017/09/26,1486,1486,1486,1486,100,1486,1
2017/09/28,1456,1456,1456,1456,400,1456,1
2017/09/29,1457,1457,1457,1457,500,1457,1
2017/10/02,1457,1457,1457,1457,100,1457,1
2017/10/03,1451,1451,1450,1450,1200,1450,1
2017/10/05,1456,1456,1456,1456,100,1456,1
2017/10/06,1456,1456,1456,1456,200,1456,1
2017/10/10,1456,1456,1450,1450,500,1450,1
2017/10/11,1450,1450,1450,1450,100,1450,1
2017/10/12,1450,1450,1450,1450,1400,1450,1
2017/10/19,1445,1445,1445,1445,200,1445,1
2017/10/23,1445,1446,1445,1445,2500,1445,1
2017/10/24,1445,1445,1445,1445,100,1445,1
2017/10/25,1415,1415,1415,1415,1400,1415,1
2017/10/26,1440,1470,1440,1470,300,1470,1
2017/10/27,1580,1580,1470,1470,2600,1470,1
2017/10/30,1470,1470,1455,1470,600,1470,1
2017/10/31,1470,1506,1470,1506,1300,1506,1
2017/11/01,1506,1506,1506,1506,100,1506,1
2017/11/02,1505,1505,1505,1505,100,1505,1
2017/11/06,1505,1505,1505,1505,2100,1505,1
2017/11/07,1470,1470,1470,1470,1100,1470,1
2017/11/08,1470,1470,1470,1470,100,1470,1
2017/11/09,1475,1475,1471,1471,800,1471,1
2017/11/10,1471,1471,1471,1471,300,1471,1
2017/11/13,1471,1471,1465,1465,2200,1465,1
2017/11/14,1470,1489,1470,1489,2000,1489,1
2017/11/15,1489,1489,1465,1489,300,1489,1
2017/11/16,1489,1489,1450,1469,2200,1469,1
2017/11/17,1469,1469,1469,1469,100,1469,1
2017/11/20,1450,1450,1450,1450,600,1450,1
2017/11/22,1450,1450,1450,1450,200,1450,1
2017/11/28,1450,1498,1450,1498,1700,1498,1
2017/12/06,1483,1483,1483,1483,100,1483,1
2017/12/12,1498,1498,1498,1498,100,1498,1
2017/12/15,1500,1513,1500,1513,300,1513,1
2017/12/18,1513,1513,1513,1513,100,1513,1
2017/12/20,1513,1513,1513,1513,100,1513,1
2017/12/21,1500,1500,1500,1500,200,1500,1
2017/12/22,1463,1463,1463,1463,400,1463,1
2017/12/28,1465,1465,1465,1465,200,1465,1
2018/01/05,1475,1475,1475,1475,100,1475,1
2018/01/09,1475,1475,1475,1475,200,1475,1
2018/01/10,1485,1485,1485,1485,100,1485,1
2018/01/11,1530,1530,1530,1530,100,1530,1
2018/01/12,1528,1530,1528,1530,800,1530,1
2018/01/16,1530,1530,1530,1530,100,1530,1
2018/01/17,1530,1530,1530,1530,200,1530,1
2018/01/18,1546,1546,1546,1546,200,1546,1
2018/01/19,1530,1586,1530,1586,400,1586,1
2018/01/22,1586,1586,1586,1586,200,1586,1
2018/01/23,1583,1600,1583,1600,1000,1600,1
2018/01/24,1522,1619,1522,1619,500,1619,1
2018/01/26,1610,1619,1569,1619,700,1619,1
2018/01/29,1619,1619,1619,1619,100,1619,1
2018/01/30,1619,2019,1619,2017,23100,2017,1
2018/01/31,1970,1970,1775,1775,15400,1775,1
2018/02/01,1775,1779,1725,1774,2000,1774,1
2018/02/02,1760,1760,1746,1756,700,1756,1
2018/02/05,1716,1759,1706,1758,700,1758,1
2018/02/07,1706,1716,1705,1716,600,1716,1
2018/02/08,1716,1716,1716,1716,800,1716,1
2018/02/09,1716,1716,1716,1716,100,1716,1
2018/02/13,1716,1716,1716,1716,100,1716,1
2018/02/15,1676,1676,1676,1676,200,1676,1
2018/02/19,1679,1679,1679,1679,100,1679,1
2018/02/20,1679,1679,1679,1679,100,1679,1
2018/02/23,1679,1679,1679,1679,100,1679,1
2018/02/26,1700,1700,1700,1700,300,1700,1
2018/02/28,1700,1700,1700,1700,100,1700,1
2018/03/08,1681,1681,1681,1681,100,1681,1
2018/03/12,1681,1681,1681,1681,200,1681,1
2018/03/15,1730,1730,1730,1730,100,1730,1
2018/03/20,1695,1695,1695,1695,300,1695,1
2018/03/26,1695,1695,1695,1695,100,1695,1
2018/03/29,1658,1712,1658,1712,500,1712,1
2018/03/30,1695,1695,1690,1690,300,1690,1
2018/04/05,1680,1680,1680,1680,100,1680,1
2018/04/11,1686,1686,1686,1686,100,1686,1
2018/04/12,1703,1703,1703,1703,100,1703,1
2018/04/19,1703,1703,1703,1703,900,1703,1
2018/04/20,1923,1995,1780,1817,17500,1817,1
2018/04/23,1817,1817,1763,1817,1300,1817,1
2018/04/24,1817,1820,1760,1799,1000,1799,1
2018/04/25,1766,1770,1765,1765,400,1765,1
2018/04/26,1797,1797,1770,1797,500,1797,1
2018/04/27,1796,1796,1752,1752,800,1752,1
2018/05/01,1799,1804,1799,1802,400,1802,1
2018/05/02,1736,1798,1731,1798,400,1798,1
2018/05/07,1801,1828,1799,1828,1600,1828,1
2018/05/08,1811,1815,1811,1815,700,1815,1
2018/05/09,1810,1810,1805,1805,1600,1805,1
2018/05/10,1805,1806,1798,1805,1600,1805,1
2018/05/11,1805,1850,1805,1850,1900,1850,1
2018/05/14,1849,1908,1849,1907,3500,1907,1
2018/05/15,1867,1907,1867,1907,700,1907,1
2018/05/16,1906,1989,1906,1989,1500,1989,1
2018/05/17,1949,1950,1948,1948,5000,1948,1
2018/05/18,1948,1988,1948,1988,1600,1988,1
2018/05/21,1988,2099,1987,2050,4900,2050,1
2018/05/22,2100,2274,2100,2274,6100,2274,1
2018/05/23,2274,2275,2197,2197,2100,2197,1
2018/05/24,2095,2095,2045,2095,400,2095,1
2018/05/25,2095,2100,2095,2100,400,2100,1
2018/05/28,2150,2350,2150,2180,3000,2180,1
2018/05/29,2230,2548,2230,2368,8400,2368,1
2018/05/30,2390,2390,2363,2368,600,2368,1
2018/05/31,2368,2700,2368,2614,14600,2614,1
2018/06/01,2614,2614,2400,2515,4000,2515,1
2018/06/04,2416,2647,2405,2545,1900,2545,1
2018/06/05,2495,2495,2495,2495,300,2495,1
2018/06/06,2445,2445,2445,2445,100,2445,1
2018/06/07,2444,2445,2444,2445,500,2445,1
2018/06/08,2418,2419,2402,2402,900,2402,1
2018/06/11,2420,2420,2402,2402,200,2402,1
2018/06/13,2450,2450,2449,2449,400,2449,1
2018/06/15,2455,2455,2455,2455,200,2455,1
2018/06/18,2529,2551,2526,2526,1300,2526,1
2018/06/19,2679,2700,2679,2700,2700,2700,1
2018/06/20,2700,2700,2500,2500,1000,2500,1
2018/06/21,2550,2700,2540,2700,2300,2700,1
2018/06/22,2700,2700,2688,2688,600,2688,1
2018/06/25,2690,2780,2690,2780,500,2780,1
2018/06/26,2800,2821,2780,2780,1500,2780,1
2018/06/28,2800,2800,2800,2800,1100,2800,1
2018/06/29,2800,2850,2800,2850,900,2850,1
2018/07/02,3200,3200,2935,3000,1000,3000,1
2018/07/03,3210,3700,3210,3510,8300,3510,1
2018/07/04,3710,4210,3330,3330,8000,3330,1
2018/07/05,3155,3165,2691,2782,8700,2782,1
2018/07/06,2832,3285,2832,3285,4200,3285,1
2018/07/09,3330,3985,3330,3810,8800,3810,1
2018/07/10,4445,4515,3645,4125,11400,4125,1
2018/07/11,4055,4605,3935,3990,11000,3990,1
2018/07/12,4030,4240,3800,3995,3100,3995,1
2018/07/13,3990,3990,3610,3610,3400,3610,1
