2007/01/04,390,390,390,390,1000,390,1
2007/01/05,386,386,386,386,2000,386,1
2007/01/09,395,397,395,397,4000,397,1
2007/01/10,391,391,391,391,4000,391,1
2007/01/11,396,396,396,396,1000,396,1
2007/01/12,395,395,395,395,1000,395,1
2007/01/16,400,400,400,400,1000,400,1
2007/01/17,400,408,400,408,3000,408,1
2007/01/18,408,426,408,420,37000,420,1
2007/01/19,425,425,412,412,22000,412,1
2007/01/22,420,420,417,417,5000,417,1
2007/01/23,417,417,417,417,4000,417,1
2007/01/24,415,425,415,424,6000,424,1
2007/01/25,424,424,424,424,1000,424,1
2007/01/26,415,433,413,433,8000,433,1
2007/01/30,430,430,425,430,3000,430,1
2007/01/31,427,427,427,427,1000,427,1
2007/02/01,424,424,424,424,3000,424,1
2007/02/02,425,425,423,423,4000,423,1
2007/02/05,421,422,416,422,8000,422,1
2007/02/06,417,419,417,419,2000,419,1
2007/02/07,419,420,416,420,5000,420,1
2007/02/08,418,420,416,420,4000,420,1
2007/02/09,416,420,416,420,2000,420,1
2007/02/13,420,425,420,425,4000,425,1
2007/02/14,435,435,430,432,10000,432,1
2007/02/15,425,431,425,431,3000,431,1
2007/02/16,428,431,426,426,9000,426,1
2007/02/20,428,433,428,433,2000,433,1
2007/02/21,430,433,430,433,8000,433,1
2007/02/22,441,441,431,440,8000,440,1
2007/02/23,438,438,438,438,3000,438,1
2007/02/26,439,439,438,438,3000,438,1
2007/02/27,439,439,435,435,12000,435,1
2007/02/28,425,425,410,420,10000,420,1
2007/03/01,421,429,421,429,7000,429,1
2007/03/05,420,420,410,410,7000,410,1
2007/03/06,415,419,415,419,3000,419,1
2007/03/08,429,435,429,435,3000,435,1
2007/03/12,439,439,439,439,1000,439,1
2007/03/14,427,427,427,427,2000,427,1
2007/03/15,418,432,418,432,3000,432,1
2007/03/16,430,430,430,430,2000,430,1
2007/03/19,419,419,419,419,2000,419,1
2007/03/20,424,429,424,429,2000,429,1
2007/03/23,425,425,425,425,15000,425,1
2007/03/27,420,424,416,424,6000,424,1
2007/03/28,427,427,427,427,2000,427,1
2007/04/02,412,418,405,418,4000,418,1
2007/04/03,408,417,407,417,4000,417,1
2007/04/04,404,415,404,415,6000,415,1
2007/04/06,410,413,410,413,2000,413,1
2007/04/12,405,419,404,419,6000,419,1
2007/04/16,399,415,399,415,4000,415,1
2007/04/19,400,415,400,415,2000,415,1
2007/04/25,400,405,397,405,6000,405,1
2007/05/07,398,408,398,408,3000,408,1
2007/05/08,399,408,399,408,3000,408,1
2007/05/09,401,405,401,405,3000,405,1
2007/05/10,400,403,400,403,3000,403,1
2007/05/11,397,402,397,402,6000,402,1
2007/05/15,396,396,396,396,2000,396,1
2007/05/16,397,397,390,390,3000,390,1
2007/05/17,385,390,385,390,3000,390,1
2007/05/21,385,395,385,395,3000,395,1
2007/05/28,390,405,390,405,4000,405,1
2007/05/30,404,404,404,404,1000,404,1
2007/05/31,403,403,403,403,1000,403,1
2007/06/01,395,403,395,403,3000,403,1
2007/06/04,400,404,400,404,2000,404,1
2007/06/05,400,403,400,403,2000,403,1
2007/06/06,402,402,402,402,1000,402,1
2007/06/11,404,404,404,404,1000,404,1
2007/06/12,400,400,400,400,1000,400,1
2007/06/13,399,401,395,401,13000,401,1
2007/06/18,395,400,395,400,3000,400,1
2007/06/19,400,404,400,404,3000,404,1
2007/06/20,397,414,397,414,5000,414,1
2007/06/21,414,423,414,423,3000,423,1
2007/06/22,425,432,425,432,8000,432,1
2007/06/25,437,437,426,436,3000,436,1
2007/06/26,450,460,450,458,5000,458,1
2007/06/27,456,456,456,456,4000,456,1
2007/06/28,448,448,433,443,4000,443,1
2007/07/02,440,440,434,434,2000,434,1
2007/07/03,434,434,431,431,2000,431,1
2007/07/04,426,438,426,438,3000,438,1
2007/07/05,423,438,423,435,5000,435,1
2007/07/06,436,445,435,445,3000,445,1
2007/07/09,445,448,440,448,3000,448,1
2007/07/10,430,443,430,443,7000,443,1
2007/07/11,435,439,435,439,2000,439,1
2007/07/18,439,439,439,439,1000,439,1
2007/07/19,430,433,418,433,8000,433,1
2007/07/20,414,425,405,425,14000,425,1
2007/07/23,422,422,422,422,4000,422,1
2007/07/24,410,420,410,420,3000,420,1
2007/07/26,413,413,413,413,2000,413,1
2007/07/27,399,409,399,404,14000,404,1
2007/07/30,400,400,400,400,7000,400,1
2007/07/31,400,400,400,400,1000,400,1
2007/08/01,398,398,398,398,1000,398,1
2007/08/07,396,396,395,395,3000,395,1
2007/08/08,394,396,394,396,2000,396,1
2007/08/09,401,406,401,406,4000,406,1
2007/08/10,393,397,393,397,5000,397,1
2007/08/13,378,390,376,390,6000,390,1
2007/08/14,395,404,395,404,2000,404,1
2007/08/16,378,392,360,392,12000,392,1
2007/08/21,373,383,373,383,2000,383,1
2007/08/22,373,378,373,378,3000,378,1
2007/08/28,378,378,378,378,7000,378,1
2007/08/29,371,371,370,370,2000,370,1
2007/08/31,385,385,385,385,1000,385,1
2007/09/05,371,371,371,371,1000,371,1
2007/09/10,356,356,331,341,13000,341,1
2007/09/11,346,346,344,344,2000,344,1
2007/09/14,340,340,340,340,1000,340,1
2007/09/18,330,340,330,340,3000,340,1
2007/09/19,338,350,338,350,6000,350,1
2007/09/20,360,360,360,360,1000,360,1
2007/09/26,365,370,365,370,2000,370,1
2007/09/27,370,370,370,370,1000,370,1
2007/10/02,355,360,355,360,2000,360,1
2007/10/10,350,350,350,350,2000,350,1
2007/10/12,351,355,335,335,5000,335,1
2007/10/15,335,335,331,331,28000,331,1
2007/10/16,330,330,330,330,1000,330,1
2007/10/17,320,336,320,336,8000,336,1
2007/10/18,338,347,338,345,6000,345,1
2007/10/19,344,344,344,344,1000,344,1
2007/10/23,339,348,339,348,3000,348,1
2007/10/24,358,358,358,358,2000,358,1
2007/10/31,358,358,358,358,1000,358,1
2007/11/01,340,355,340,355,4000,355,1
2007/11/05,355,355,350,355,6000,355,1
2007/11/09,340,346,336,346,5000,346,1
2007/11/14,336,346,331,331,3000,331,1
2007/11/15,346,346,346,346,2000,346,1
2007/11/22,339,354,339,354,6000,354,1
2007/11/26,339,344,339,344,2000,344,1
2007/11/27,334,343,334,343,3000,343,1
2007/11/28,338,343,338,343,3000,343,1
2007/11/29,348,363,348,363,5000,363,1
2007/12/05,359,359,359,359,2000,359,1
2007/12/10,358,358,325,342,22000,342,1
2007/12/11,330,330,315,325,13000,325,1
2007/12/12,325,325,325,325,2000,325,1
2007/12/13,317,317,312,312,9000,312,1
2007/12/14,317,322,317,322,2000,322,1
2007/12/17,318,318,318,318,1000,318,1
2007/12/18,310,313,310,310,14000,310,1
2007/12/19,312,312,312,312,3000,312,1
2007/12/20,302,307,302,307,4000,307,1
2007/12/21,307,307,300,300,4000,300,1
2007/12/25,293,293,293,293,2000,293,1
2007/12/27,288,295,288,290,11000,290,1
2007/12/28,290,300,290,300,3000,300,1
2008/01/10,300,300,300,300,1000,300,1
2008/01/11,299,299,299,299,2000,299,1
2008/01/16,286,286,285,285,3000,285,1
2008/01/17,285,285,285,285,3000,285,1
2008/01/18,285,285,285,285,3000,285,1
2008/01/24,280,290,280,290,12000,290,1
2008/01/25,295,295,295,295,2000,295,1
2008/01/30,294,294,294,294,1000,294,1
2008/01/31,299,299,299,299,1000,299,1
2008/02/05,295,295,295,295,1000,295,1
2008/02/06,294,294,285,285,5000,285,1
2008/02/07,290,290,290,290,1000,290,1
2008/02/08,280,290,280,282,3000,282,1
2008/02/12,285,285,280,280,6000,280,1
2008/02/13,285,285,280,285,5000,285,1
2008/02/14,290,290,282,282,2000,282,1
2008/02/15,282,282,276,276,7000,276,1
2008/02/18,279,293,279,293,10000,293,1
2008/02/19,296,296,296,296,10000,296,1
2008/02/25,294,299,294,299,2000,299,1
2008/02/26,295,298,295,298,2000,298,1
2008/02/27,303,305,300,300,11000,300,1
2008/02/28,305,305,305,305,1000,305,1
2008/02/29,305,306,305,306,2000,306,1
2008/03/03,295,299,295,299,11000,299,1
2008/03/04,299,305,299,305,10000,305,1
2008/03/05,295,304,295,304,3000,304,1
2008/03/06,304,304,304,304,1000,304,1
2008/03/07,300,303,293,303,8000,303,1
2008/03/10,298,298,290,295,3000,295,1
2008/03/11,295,302,295,302,3000,302,1
2008/03/13,302,312,302,312,3000,312,1
2008/03/14,278,288,278,284,10000,284,1
2008/03/17,279,284,279,284,2000,284,1
2008/03/18,279,288,278,283,5000,283,1
2008/03/19,288,288,288,288,1000,288,1
2008/03/21,279,279,279,279,1000,279,1
2008/03/24,281,282,274,282,10000,282,1
2008/03/25,282,282,279,279,3000,279,1
2008/03/27,282,282,282,282,1000,282,1
2008/03/28,281,283,281,283,3000,283,1
2008/03/31,281,281,281,281,1000,281,1
2008/04/03,281,282,281,282,2000,282,1
2008/04/09,281,281,281,281,1000,281,1
2008/04/10,275,275,271,274,4000,274,1
2008/04/14,270,270,261,261,3000,261,1
2008/04/15,266,266,266,266,1000,266,1
2008/04/16,258,258,258,258,2000,258,1
2008/04/17,261,261,261,261,1000,261,1
2008/04/22,256,256,254,254,3000,254,1
2008/04/24,250,254,234,234,10000,234,1
2008/04/28,239,244,239,244,3000,244,1
2008/04/30,252,252,252,252,1000,252,1
2008/05/02,250,250,250,250,1000,250,1
2008/05/08,252,253,252,253,2000,253,1
2008/05/12,253,268,253,268,4000,268,1
2008/05/13,252,259,248,259,4000,259,1
2008/05/14,251,258,248,258,4000,258,1
2008/05/15,258,258,258,258,2000,258,1
2008/05/19,251,251,251,251,1000,251,1
2008/05/20,255,255,255,255,1000,255,1
2008/05/21,255,260,255,260,3000,260,1
2008/05/22,257,257,257,257,1000,257,1
2008/05/23,251,251,251,251,1000,251,1
2008/05/26,251,251,251,251,1000,251,1
2008/05/28,251,251,251,251,1000,251,1
2008/05/29,251,251,251,251,1000,251,1
2008/05/30,256,256,256,256,1000,256,1
2008/06/04,249,258,248,258,5000,258,1
2008/06/11,244,250,244,250,6000,250,1
2008/06/16,245,250,245,250,2000,250,1
2008/06/18,248,248,248,248,1000,248,1
2008/06/20,249,249,243,243,11000,243,1
2008/06/23,240,240,240,240,2000,240,1
2008/06/24,250,250,250,250,4000,250,1
2008/06/26,250,250,250,250,2000,250,1
2008/06/27,247,247,241,241,4000,241,1
2008/07/01,242,245,240,240,3000,240,1
2008/07/04,240,240,240,240,2000,240,1
2008/07/07,240,240,240,240,3000,240,1
2008/07/09,237,240,237,240,3000,240,1
2008/07/16,240,240,240,240,1000,240,1
2008/07/17,235,240,235,240,3000,240,1
2008/07/23,240,245,235,245,8000,245,1
2008/07/28,250,250,250,250,1000,250,1
2008/07/30,250,250,250,250,1000,250,1
2008/07/31,253,253,253,253,1000,253,1
2008/08/11,252,260,240,240,4000,240,1
2008/08/12,245,245,245,245,1000,245,1
2008/08/13,249,249,249,249,1000,249,1
2008/08/15,254,254,254,254,1000,254,1
2008/08/18,257,257,257,257,1000,257,1
2008/08/25,250,250,250,250,5000,250,1
2008/08/27,248,258,248,258,3000,258,1
2008/08/29,255,255,255,255,1000,255,1
2008/09/01,260,260,250,255,12000,255,1
2008/09/02,250,255,250,255,2000,255,1
2008/09/04,244,255,244,255,6000,255,1
2008/09/05,245,245,245,245,35000,245,1
2008/09/08,250,250,250,250,1000,250,1
2008/09/12,255,255,255,255,1000,255,1
2008/09/19,249,249,249,249,2000,249,1
2008/09/26,259,259,259,259,1000,259,1
2008/09/29,258,258,258,258,1000,258,1
2008/10/03,245,248,237,248,6000,248,1
2008/10/06,237,241,233,241,6000,241,1
2008/10/09,222,222,222,222,1000,222,1
2008/10/10,220,220,220,220,1000,220,1
2008/10/14,230,230,220,220,2000,220,1
2008/10/15,219,219,219,219,2000,219,1
2008/10/20,229,229,229,229,2000,229,1
2008/10/21,235,235,235,235,1000,235,1
2008/10/24,225,230,225,230,2000,230,1
2008/10/29,235,235,235,235,2000,235,1
2008/10/30,215,220,215,220,2000,220,1
2008/10/31,225,225,215,215,2000,215,1
2008/11/04,220,223,220,223,2000,223,1
2008/11/06,220,223,208,213,5000,213,1
2008/11/07,200,200,200,200,3000,200,1
2008/11/10,191,191,186,186,2000,186,1
2008/11/11,188,188,187,187,2000,187,1
2008/11/12,205,205,205,205,2000,205,1
2008/11/18,186,186,180,185,6000,185,1
2008/11/19,186,186,186,186,4000,186,1
2008/11/20,185,185,185,185,2000,185,1
2008/11/21,185,185,185,185,2000,185,1
2008/11/25,185,185,185,185,1000,185,1
2008/11/26,185,185,185,185,1000,185,1
2008/11/27,185,185,185,185,3000,185,1
2008/11/28,187,187,187,187,3000,187,1
2008/12/03,187,187,180,185,5000,185,1
2008/12/08,180,180,180,180,2000,180,1
2008/12/10,180,180,180,180,1000,180,1
2008/12/16,180,180,180,180,3000,180,1
2008/12/22,180,185,180,185,4000,185,1
2008/12/26,174,180,174,180,3000,180,1
2008/12/29,180,180,180,180,1000,180,1
2008/12/30,205,205,205,205,1000,205,1
2009/01/06,178,179,178,179,4000,179,1
2009/01/16,180,190,180,190,2000,190,1
2009/01/22,170,180,170,180,2000,180,1
2009/01/23,180,180,180,180,2000,180,1
2009/01/27,190,190,190,190,2000,190,1
2009/01/28,170,175,160,175,6000,175,1
2009/01/29,170,180,170,180,3000,180,1
2009/01/30,185,185,185,185,1000,185,1
2009/02/02,170,170,170,170,3000,170,1
2009/02/10,170,170,170,170,2000,170,1
2009/02/16,170,175,170,175,9000,175,1
2009/02/18,180,180,180,180,1000,180,1
2009/02/25,170,175,170,175,2000,175,1
2009/02/26,175,175,175,175,1000,175,1
2009/02/27,170,170,165,170,3000,170,1
2009/03/02,165,175,165,175,2000,175,1
2009/03/04,160,169,160,169,3000,169,1
2009/03/06,165,170,162,162,6000,162,1
2009/03/10,177,177,177,177,1000,177,1
2009/03/13,176,176,176,176,4000,176,1
2009/03/16,156,156,156,156,1000,156,1
2009/03/18,158,158,157,157,4000,157,1
2009/03/19,180,180,170,170,3000,170,1
2009/03/23,165,165,165,165,1000,165,1
2009/03/24,165,165,165,165,1000,165,1
2009/03/25,165,165,165,165,2000,165,1
2009/03/26,165,170,155,170,8000,170,1
2009/03/30,170,170,170,170,1000,170,1
2009/03/31,174,174,174,174,1000,174,1
2009/04/02,169,170,169,170,2000,170,1
2009/04/03,166,166,166,166,1000,166,1
2009/04/07,170,170,170,170,3000,170,1
2009/04/08,165,170,165,170,2000,170,1
2009/04/13,171,171,171,171,1000,171,1
2009/04/14,169,175,169,175,5000,175,1
2009/04/16,180,180,180,180,1000,180,1
2009/04/21,175,185,175,185,2000,185,1
2009/04/24,180,190,180,190,2000,190,1
2009/04/28,180,180,180,180,2000,180,1
2009/04/30,180,180,180,180,1000,180,1
2009/05/01,190,190,185,185,5000,185,1
2009/05/08,190,190,190,190,1000,190,1
2009/05/15,171,178,171,178,4000,178,1
2009/05/18,183,183,183,183,2000,183,1
2009/05/20,174,174,171,171,2000,171,1
2009/05/21,176,176,176,176,2000,176,1
2009/05/22,175,175,161,161,8000,161,1
2009/05/25,173,173,173,173,2000,173,1
2009/05/27,172,172,163,171,4000,171,1
2009/05/28,171,171,171,171,1000,171,1
2009/05/29,170,170,170,170,1000,170,1
2009/06/02,167,169,167,169,2000,169,1
2009/06/04,166,170,166,170,3000,170,1
2009/06/05,166,170,166,170,2000,170,1
2009/06/08,168,168,168,168,1000,168,1
2009/06/09,163,170,162,170,4000,170,1
2009/06/10,171,171,165,165,5000,165,1
2009/06/17,162,166,162,166,2000,166,1
2009/06/18,166,167,166,167,6000,167,1
2009/06/19,172,172,167,167,2000,167,1
2009/06/25,172,177,172,177,2000,177,1
2009/06/29,174,175,173,173,9000,173,1
2009/06/30,180,180,180,180,1000,180,1
2009/07/01,180,180,180,180,1000,180,1
2009/07/02,183,183,180,180,3000,180,1
2009/07/03,182,182,176,176,5000,176,1
2009/07/10,175,175,173,174,5000,174,1
2009/07/13,173,173,172,172,2000,172,1
2009/07/15,173,175,173,175,3000,175,1
2009/07/16,176,176,176,176,1000,176,1
2009/07/17,176,176,176,176,1000,176,1
2009/07/22,180,180,180,180,1000,180,1
2009/07/23,181,181,181,181,1000,181,1
2009/07/27,176,180,176,180,7000,180,1
2009/07/28,178,178,178,178,1000,178,1
2009/07/29,176,176,176,176,2000,176,1
2009/07/31,179,179,179,179,1000,179,1
2009/08/03,179,179,179,179,1000,179,1
2009/08/12,181,186,181,186,3000,186,1
2009/08/13,180,180,180,180,5000,180,1
2009/08/14,180,186,180,186,3000,186,1
2009/08/28,186,186,186,186,1000,186,1
2009/08/31,188,188,188,188,1000,188,1
2009/09/03,178,181,178,181,6000,181,1
2009/09/07,177,184,177,184,11000,184,1
2009/09/15,172,176,172,176,4000,176,1
2009/09/29,176,176,176,176,1000,176,1
2009/10/13,176,176,176,176,1000,176,1
2009/10/28,175,175,175,175,1000,175,1
2009/10/29,174,177,174,175,5000,175,1
2009/10/30,179,179,175,175,8000,175,1
2009/11/02,185,185,185,185,1000,185,1
2009/11/04,185,189,185,189,16000,189,1
2009/11/11,175,175,175,175,1000,175,1
2009/11/25,170,170,170,170,1000,170,1
2009/11/30,170,170,170,170,2000,170,1
2009/12/07,170,170,170,170,4000,170,1
2009/12/11,170,170,170,170,17000,170,1
2009/12/15,160,169,160,169,2000,169,1
2009/12/16,169,169,169,169,2000,169,1
2009/12/17,160,160,160,160,1000,160,1
2009/12/18,159,159,158,158,6000,158,1
2009/12/21,153,154,153,153,8000,153,1
2009/12/22,151,151,151,151,4000,151,1
2009/12/24,151,154,149,154,8000,154,1
2009/12/25,144,154,144,154,2000,154,1
2009/12/28,150,150,150,150,8000,150,1
2009/12/30,154,154,154,154,1000,154,1
2010/01/04,154,154,154,154,1000,154,1
2010/01/06,149,159,148,149,14000,149,1
2010/01/07,148,151,148,151,2000,151,1
2010/01/12,153,153,153,153,1000,153,1
2010/01/13,148,148,147,147,3000,147,1
2010/01/14,148,149,148,149,2000,149,1
2010/01/15,149,149,149,149,2000,149,1
2010/01/18,155,155,155,155,5000,155,1
2010/01/20,159,159,159,159,1000,159,1
2010/01/28,164,169,164,169,2000,169,1
2010/01/29,169,169,169,169,2000,169,1
2010/02/10,169,169,169,169,1000,169,1
2010/02/12,160,160,160,160,3000,160,1
2010/02/16,155,155,155,155,1000,155,1
2010/02/19,157,164,157,164,10000,164,1
2010/02/23,160,160,160,160,1000,160,1
2010/02/24,151,151,151,151,1000,151,1
2010/02/26,161,161,160,160,5000,160,1
2010/03/01,160,165,160,165,2000,165,1
2010/03/04,165,165,165,165,1000,165,1
2010/03/09,164,169,164,169,6000,169,1
2010/03/16,164,164,164,164,47000,164,1
2010/03/19,162,162,162,162,1000,162,1
2010/03/29,160,160,160,160,2000,160,1
2010/03/31,160,165,160,165,14000,165,1
2010/04/06,165,175,165,175,3000,175,1
2010/04/12,165,165,160,160,3000,160,1
2010/04/15,161,161,160,160,13000,160,1
2010/04/23,162,162,157,157,6000,157,1
2010/04/26,160,160,160,160,4000,160,1
2010/04/27,155,160,155,160,2000,160,1
2010/05/06,169,169,169,169,2000,169,1
2010/05/07,169,169,169,169,1000,169,1
2010/05/10,162,177,162,177,2000,177,1
2010/05/11,177,177,177,177,1000,177,1
2010/05/13,167,167,167,167,4000,167,1
2010/05/14,165,165,165,165,1000,165,1
2010/05/17,162,165,162,165,3000,165,1
2010/05/18,160,165,160,165,4000,165,1
2010/05/25,160,170,157,170,3000,170,1
2010/05/26,156,156,156,156,5000,156,1
2010/05/28,156,160,156,160,2000,160,1
2010/05/31,164,180,164,180,3000,180,1
2010/06/17,165,165,165,165,7000,165,1
2010/06/24,165,170,165,170,2000,170,1
2010/06/29,170,180,170,180,3000,180,1
2010/06/30,185,185,185,185,1000,185,1
2010/07/02,178,178,178,178,1000,178,1
2010/07/05,168,168,168,168,1000,168,1
2010/07/15,169,169,169,169,3000,169,1
2010/07/20,173,173,173,173,1000,173,1
2010/07/22,170,185,170,185,9000,185,1
2010/07/28,187,187,187,187,1000,187,1
2010/07/29,187,193,187,193,2000,193,1
2010/07/30,194,194,193,193,4000,193,1
2010/08/06,200,200,200,200,1000,200,1
2010/08/18,185,185,185,185,1000,185,1
2010/08/23,185,185,176,181,6000,181,1
2010/08/24,172,172,170,170,5000,170,1
2010/08/26,175,175,175,175,1000,175,1
2010/08/31,175,175,175,175,1000,175,1
2010/09/07,175,175,170,175,15000,175,1
2010/09/22,175,185,175,185,4000,185,1
2010/09/28,175,175,175,175,2000,175,1
2010/09/29,175,175,175,175,1000,175,1
2010/09/30,185,185,185,185,1000,185,1
2010/10/08,165,170,165,170,6000,170,1
2010/10/13,165,165,165,165,1000,165,1
2010/10/18,165,165,165,165,2000,165,1
2010/10/25,165,165,165,165,2000,165,1
2010/10/26,162,167,162,167,3000,167,1
2010/10/27,162,162,162,162,3000,162,1
2010/10/28,162,162,160,160,4000,160,1
2010/10/29,170,170,170,170,2000,170,1
2010/11/08,165,170,165,170,2000,170,1
2010/11/10,175,175,175,175,1000,175,1
2010/11/16,168,168,168,168,1000,168,1
2010/11/18,168,168,168,168,1000,168,1
2010/11/19,166,166,166,166,1000,166,1
2010/11/24,162,162,162,162,1000,162,1
2010/12/02,167,167,162,167,6000,167,1
2010/12/03,162,162,162,162,1000,162,1
2010/12/07,165,165,165,165,2000,165,1
2010/12/08,167,167,162,162,2000,162,1
2010/12/09,165,165,165,165,3000,165,1
2010/12/13,165,165,165,165,5000,165,1
2010/12/14,166,166,166,166,1000,166,1
2010/12/15,165,165,165,165,1000,165,1
2010/12/16,166,166,164,164,3000,164,1
2010/12/20,160,160,160,160,3000,160,1
2010/12/21,165,165,165,165,5000,165,1
2010/12/24,163,163,163,163,1000,163,1
2010/12/27,160,160,160,160,1000,160,1
2010/12/29,165,165,165,165,1000,165,1
2010/12/30,165,169,165,169,6000,169,1
2011/01/04,165,165,165,165,2000,165,1
2011/01/05,165,165,165,165,1000,165,1
2011/01/13,165,173,165,173,6000,173,1
2011/01/19,175,188,175,188,8000,188,1
2011/01/26,180,180,175,175,2000,175,1
2011/01/28,170,170,170,170,5000,170,1
2011/01/31,174,174,170,170,7000,170,1
2011/02/07,170,170,170,170,1000,170,1
2011/02/14,165,165,163,163,8000,163,1
2011/02/15,168,168,168,168,3000,168,1
2011/02/18,167,167,167,167,1000,167,1
2011/02/21,167,170,167,170,60000,170,1
2011/02/22,171,172,171,172,2000,172,1
2011/02/25,172,174,172,174,3000,174,1
2011/02/28,194,194,194,194,1000,194,1
2011/03/01,185,185,185,185,1000,185,1
2011/03/14,170,185,170,185,5000,185,1
2011/03/15,165,165,165,165,1000,165,1
2011/03/16,141,141,136,136,6000,136,1
2011/03/17,186,186,160,160,7000,160,1
2011/03/23,165,165,165,165,1000,165,1
2011/03/24,162,170,162,170,2000,170,1
2011/03/25,175,175,175,175,1000,175,1
2011/03/31,187,187,187,187,2000,187,1
2011/04/06,175,185,173,185,4000,185,1
2011/04/07,177,188,177,188,2000,188,1
2011/04/11,179,179,179,179,1000,179,1
2011/04/12,174,179,174,179,6000,179,1
2011/04/14,175,175,175,175,1000,175,1
2011/04/15,171,188,171,188,7000,188,1
2011/04/18,181,181,181,181,1000,181,1
2011/04/22,181,181,181,181,1000,181,1
2011/04/26,190,190,190,190,1000,190,1
2011/04/28,199,199,199,199,1000,199,1
2011/05/02,199,210,199,210,3000,210,1
2011/05/09,210,222,210,222,4000,222,1
2011/05/12,190,190,175,175,8000,175,1
2011/05/13,176,176,170,170,3000,170,1
2011/05/16,162,162,162,162,1000,162,1
2011/05/17,169,169,169,169,1000,169,1
2011/05/18,162,167,162,167,2000,167,1
2011/05/25,167,167,162,162,2000,162,1
2011/05/26,160,160,160,160,1000,160,1
2011/05/31,180,180,180,180,1000,180,1
2011/06/14,180,180,180,180,1000,180,1
2011/06/20,185,185,185,185,1000,185,1
2011/06/21,175,175,175,175,1000,175,1
2011/06/27,170,170,170,170,5000,170,1
2011/06/29,171,171,171,171,2000,171,1
2011/06/30,171,171,171,171,1000,171,1
2011/07/06,169,180,169,170,9000,170,1
2011/07/15,166,167,163,167,7000,167,1
2011/07/19,170,170,162,162,9000,162,1
2011/07/21,164,164,164,164,3000,164,1
2011/07/27,160,160,160,160,2000,160,1
2011/07/29,170,170,170,170,1000,170,1
2011/08/04,165,165,165,165,2000,165,1
2011/08/10,170,170,170,170,1000,170,1
2011/08/25,170,175,170,175,6000,175,1
2011/08/26,175,175,175,175,1000,175,1
2011/09/01,180,180,180,180,1000,180,1
2011/09/02,180,181,180,181,5000,181,1
2011/09/07,185,185,185,185,3000,185,1
2011/09/12,185,185,185,185,32000,185,1
2011/09/13,176,176,175,175,2000,175,1
2011/09/14,172,172,172,172,1000,172,1
2011/09/15,168,168,167,167,2000,167,1
2011/09/16,170,170,170,170,5000,170,1
2011/09/22,168,168,168,168,1000,168,1
2011/09/26,168,168,165,165,3000,165,1
2011/09/27,160,160,160,160,1000,160,1
2011/09/29,155,160,155,160,6000,160,1
2011/09/30,180,180,180,180,1000,180,1
2011/10/05,171,171,171,171,1000,171,1
2011/10/06,170,170,170,170,1000,170,1
2011/10/20,170,176,170,176,5000,176,1
2011/10/21,180,180,180,180,2000,180,1
2011/10/24,183,183,183,183,1000,183,1
2011/10/26,189,189,189,189,1000,189,1
2011/10/31,191,194,189,194,5000,194,1
2011/11/04,195,205,195,205,2000,205,1
2011/11/08,191,191,191,191,1000,191,1
2011/11/11,195,195,195,195,1000,195,1
2011/11/16,190,190,185,185,2000,185,1
2011/11/17,185,190,185,190,3000,190,1
2011/11/18,175,178,175,178,2000,178,1
2011/11/22,178,178,178,178,2000,178,1
2011/11/25,178,178,173,176,6000,176,1
2011/11/30,186,186,186,186,1000,186,1
2011/12/06,186,186,186,186,1000,186,1
2011/12/07,180,180,180,180,3000,180,1
2011/12/22,180,180,180,180,4000,180,1
2011/12/29,180,180,180,180,5000,180,1
2011/12/30,188,208,188,208,3000,208,1
2012/01/13,220,220,220,220,1000,220,1
2012/01/23,239,239,239,239,1000,239,1
2012/01/27,217,217,217,217,2000,217,1
2012/01/30,201,201,201,201,2000,201,1
2012/01/31,259,259,220,220,6000,220,1
2012/02/03,228,228,228,228,1000,228,1
2012/02/06,259,259,259,259,6000,259,1
2012/02/07,235,235,235,235,1000,235,1
2012/02/08,237,237,235,235,5000,235,1
2012/02/09,238,245,238,245,2000,245,1
2012/02/10,245,245,236,236,6000,236,1
2012/02/14,244,244,244,244,1000,244,1
2012/02/15,244,244,244,244,1000,244,1
2012/02/20,244,253,244,253,4000,253,1
2012/02/23,245,248,240,248,6000,248,1
2012/02/24,247,247,247,247,2000,247,1
2012/03/01,242,242,242,242,1000,242,1
2012/03/02,240,253,240,253,5000,253,1
2012/03/08,253,253,253,253,1000,253,1
2012/03/09,253,259,253,259,3000,259,1
2012/03/13,251,251,251,251,1000,251,1
2012/03/14,258,267,258,267,3000,267,1
2012/03/15,251,255,251,255,2000,255,1
2012/03/16,253,261,253,261,2000,261,1
2012/03/21,261,261,261,261,1000,261,1
2012/03/23,253,253,250,250,3000,250,1
2012/03/26,250,258,250,258,3000,258,1
2012/03/27,258,262,250,250,3000,250,1
2012/03/28,258,261,250,261,3000,261,1
2012/03/30,250,250,250,250,2000,250,1
2012/04/02,250,260,250,260,4000,260,1
2012/04/06,260,272,260,272,7000,272,1
2012/04/10,252,252,252,252,7000,252,1
2012/04/13,275,282,251,251,5000,251,1
2012/04/16,250,250,250,250,4000,250,1
2012/04/17,258,258,258,258,1000,258,1
2012/04/19,246,246,246,246,1000,246,1
2012/04/20,248,258,248,258,9000,258,1
2012/04/23,250,255,250,255,3000,255,1
2012/04/25,247,258,247,258,6000,258,1
2012/04/26,258,258,258,258,1000,258,1
2012/04/27,273,273,254,254,4000,254,1
2012/05/01,309,309,307,307,4000,307,1
2012/05/02,261,273,260,273,7000,273,1
2012/05/07,261,265,257,257,5000,257,1
2012/05/08,250,250,250,250,2000,250,1
2012/05/09,245,257,245,257,2000,257,1
2012/06/07,244,250,244,250,3000,250,1
2012/06/18,248,248,248,248,2000,248,1
2012/06/20,256,256,256,256,1000,256,1
2012/06/28,256,256,256,256,2000,256,1
2012/07/03,287,287,286,287,11000,287,1
2012/07/04,263,263,255,255,5000,255,1
2012/07/10,255,255,255,255,2000,255,1
2012/07/12,252,254,251,254,4000,254,1
2012/07/13,250,250,250,250,5000,250,1
2012/07/18,242,242,242,242,1000,242,1
2012/07/26,242,242,242,242,1000,242,1
2012/07/27,242,242,242,242,1000,242,1
2012/07/30,242,242,242,242,5000,242,1
2012/07/31,258,258,258,258,1000,258,1
2012/08/29,245,245,245,245,1000,245,1
2012/08/31,243,243,243,243,5000,243,1
2012/09/03,257,257,257,257,1000,257,1
2012/09/11,249,249,249,249,1000,249,1
2012/09/24,241,241,241,241,2000,241,1
2012/09/25,241,241,241,241,16000,241,1
2012/09/28,255,255,241,241,4000,241,1
2012/10/01,241,241,241,241,1000,241,1
2012/10/05,241,249,241,249,2000,249,1
2012/10/09,249,249,249,249,14000,249,1
2012/10/12,255,255,255,255,1000,255,1
2012/10/16,255,255,255,255,1000,255,1
2012/10/18,255,255,255,255,2000,255,1
2012/10/24,255,255,255,255,1000,255,1
2012/10/25,242,250,242,250,2000,250,1
2012/10/26,245,245,245,245,1000,245,1
2012/10/29,242,250,242,250,9000,250,1
2012/10/30,253,260,253,260,2000,260,1
2012/10/31,252,252,252,252,1000,252,1
2012/11/05,247,253,247,253,5000,253,1
2012/11/09,261,261,261,261,1000,261,1
2012/11/12,249,249,249,249,3000,249,1
2012/11/14,248,253,248,253,3000,253,1
2012/11/16,253,261,253,261,4000,261,1
2012/11/19,271,271,255,255,2000,255,1
2012/11/22,263,263,263,263,1000,263,1
2012/11/29,257,272,257,272,4000,272,1
2012/12/04,264,264,262,262,4000,262,1
2012/12/11,256,256,256,256,1000,256,1
2012/12/12,261,261,261,261,1000,261,1
2012/12/13,261,264,261,264,2000,264,1
2012/12/14,256,258,250,258,6000,258,1
2012/12/17,256,256,256,256,1000,256,1
2012/12/18,255,255,255,255,1000,255,1
2012/12/19,258,260,258,260,2000,260,1
2012/12/20,266,266,266,266,1000,266,1
2012/12/21,267,268,267,268,2000,268,1
2012/12/27,273,280,273,280,3000,280,1
2012/12/28,286,286,280,280,2000,280,1
2013/01/04,281,303,281,303,2000,303,1
2013/01/07,303,304,300,300,4000,300,1
2013/01/09,290,290,290,290,1000,290,1
2013/01/10,300,300,300,300,2000,300,1
2013/01/28,282,282,282,282,1000,282,1
2013/01/30,274,274,274,274,2000,274,1
2013/01/31,272,272,268,268,2000,268,1
2013/02/01,276,276,268,268,2000,268,1
2013/02/05,269,269,260,268,12000,268,1
2013/02/06,261,265,260,265,6000,265,1
2013/02/12,265,265,261,261,6000,261,1
2013/02/13,261,261,261,261,1000,261,1
2013/02/18,263,263,263,263,1000,263,1
2013/02/19,263,263,255,263,5000,263,1
2013/02/20,263,263,259,259,2000,259,1
2013/02/25,259,265,259,265,2000,265,1
2013/02/27,265,270,260,270,4000,270,1
2013/03/06,265,265,265,265,1000,265,1
2013/03/08,270,279,266,279,5000,279,1
2013/03/11,280,280,280,280,1000,280,1
2013/03/13,275,275,275,275,2000,275,1
2013/03/14,283,283,283,283,1000,283,1
2013/03/18,270,270,268,268,5000,268,1
2013/03/19,273,273,268,268,3000,268,1
2013/03/22,267,267,266,266,2000,266,1
2013/03/26,270,270,270,270,1000,270,1
2013/03/27,274,274,274,274,1000,274,1
2013/03/29,275,275,265,265,3000,265,1
2013/04/02,264,264,250,250,10000,250,1
2013/04/03,250,258,250,258,12000,258,1
2013/04/04,253,253,253,253,1000,253,1
2013/04/05,255,260,255,260,4000,260,1
2013/04/08,260,260,260,260,2000,260,1
2013/04/09,256,256,256,256,1000,256,1
2013/04/11,260,260,257,257,2000,257,1
2013/04/12,256,256,256,256,1000,256,1
2013/04/15,256,256,256,256,1000,256,1
2013/04/17,263,263,263,263,1000,263,1
2013/04/18,260,260,260,260,1000,260,1
2013/04/22,260,260,260,260,20000,260,1
2013/04/23,265,265,265,265,1000,265,1
2013/04/25,279,305,279,305,10000,305,1
2013/04/26,305,342,305,342,5000,342,1
2013/04/30,340,340,340,340,2000,340,1
2013/05/07,330,330,330,330,5000,330,1
2013/05/09,291,295,270,295,14000,295,1
2013/05/10,285,289,281,289,5000,289,1
2013/05/13,282,282,282,282,2000,282,1
2013/05/14,300,300,300,300,7000,300,1
2013/05/20,289,289,289,289,3000,289,1
2013/05/22,291,291,291,291,1000,291,1
2013/05/24,291,291,277,277,4000,277,1
2013/05/30,278,278,277,277,2000,277,1
2013/06/04,271,271,271,271,1000,271,1
2013/06/05,269,269,269,269,1000,269,1
2013/06/06,269,275,269,275,41000,275,1
2013/06/18,299,300,276,276,3000,276,1
2013/06/19,300,300,300,300,1000,300,1
2013/06/27,300,300,286,286,3000,286,1
2013/06/28,299,299,299,299,1000,299,1
2013/07/02,299,299,299,299,1000,299,1
2013/07/03,287,287,287,287,1000,287,1
2013/07/11,285,285,285,285,1000,285,1
2013/07/18,301,301,301,301,1000,301,1
2013/07/19,287,287,286,286,2000,286,1
2013/07/22,287,287,287,287,1000,287,1
2013/07/23,290,290,290,290,1000,290,1
2013/07/29,270,278,270,278,3000,278,1
2013/07/30,286,286,286,286,1000,286,1
2013/07/31,294,294,294,294,1000,294,1
2013/08/01,294,294,294,294,1000,294,1
2013/08/02,296,296,296,296,10000,296,1
2013/08/05,288,288,288,288,1000,288,1
2013/08/13,292,292,292,292,1000,292,1
2013/08/16,284,284,284,284,3000,284,1
2013/08/28,284,284,284,284,1000,284,1
2013/08/30,289,289,289,289,1000,289,1
2013/09/10,285,285,282,282,2000,282,1
2013/09/11,282,282,282,282,3000,282,1
2013/09/17,280,299,280,299,8000,299,1
2013/09/19,291,291,290,290,2000,290,1
2013/09/27,297,305,290,295,14000,295,1
2013/09/30,300,300,292,292,3000,292,1
2013/10/03,292,292,291,291,7000,291,1
2013/10/04,291,291,291,291,1000,291,1
2013/10/11,299,305,299,305,5000,305,1
2013/10/15,305,305,305,305,1000,305,1
2013/10/16,305,305,300,305,10000,305,1
2013/10/22,305,305,305,305,1000,305,1
2013/10/24,304,305,304,305,3000,305,1
2013/10/28,299,310,299,310,8000,310,1
2013/10/29,310,310,309,310,6000,310,1
2013/10/30,310,315,310,315,4000,315,1
2013/11/01,302,302,302,302,2000,302,1
2013/11/05,299,299,299,299,1000,299,1
2013/11/07,298,298,297,297,2000,297,1
2013/11/11,297,305,297,305,3000,305,1
2013/11/14,304,304,304,304,3000,304,1
2013/11/15,304,305,304,305,4000,305,1
2013/11/21,305,305,299,299,3000,299,1
2013/11/28,300,300,300,300,1000,300,1
2013/11/29,300,300,294,294,4000,294,1
2013/12/02,294,294,294,294,4000,294,1
2013/12/05,292,292,291,291,3000,291,1
2013/12/06,290,291,289,291,46000,291,1
2013/12/09,305,305,305,305,11000,305,1
2013/12/10,297,297,294,294,4000,294,1
2013/12/12,291,296,291,296,2000,296,1
2013/12/16,293,295,291,295,4000,295,1
2013/12/17,292,292,291,291,3000,291,1
2013/12/18,291,291,291,291,1000,291,1
2013/12/20,291,291,287,287,3000,287,1
2013/12/25,287,287,281,281,3000,281,1
2013/12/26,290,294,290,294,3000,294,1
2013/12/30,310,310,310,310,1000,310,1
2014/01/06,310,310,310,310,1000,310,1
2014/01/07,299,299,298,298,4000,298,1
2014/01/08,298,298,298,298,1000,298,1
2014/01/09,301,301,301,301,1000,301,1
2014/01/14,299,299,299,299,2000,299,1
2014/01/16,307,307,307,307,1000,307,1
2014/01/17,309,309,307,307,2000,307,1
2014/01/20,307,307,305,305,4000,305,1
2014/01/21,305,305,305,305,2000,305,1
2014/01/22,309,309,282,305,10000,305,1
2014/02/03,298,298,290,296,10000,296,1
2014/02/05,293,297,292,297,4000,297,1
2014/02/10,304,304,304,304,1000,304,1
2014/02/12,296,296,296,296,1000,296,1
2014/02/13,294,302,294,302,3000,302,1
2014/02/14,294,294,294,294,1000,294,1
2014/02/24,294,294,294,294,1000,294,1
2014/02/27,294,294,294,294,4000,294,1
2014/02/28,296,296,296,296,1000,296,1
2014/03/03,294,294,294,294,2000,294,1
2014/03/04,293,293,293,293,1000,293,1
2014/03/05,292,292,292,292,3000,292,1
2014/03/06,297,297,297,297,1000,297,1
2014/03/07,297,297,297,297,1000,297,1
2014/03/12,294,295,294,295,2000,295,1
2014/03/13,299,299,299,299,1000,299,1
2014/03/14,292,293,292,293,3000,293,1
2014/03/17,293,293,290,290,7000,290,1
2014/03/25,280,280,280,280,7000,280,1
2014/03/26,280,287,280,287,53000,287,1
2014/03/28,285,295,285,295,2000,295,1
2014/03/31,295,295,281,281,5000,281,1
2014/04/01,283,283,283,283,1000,283,1
2014/04/02,282,289,282,289,3000,289,1
2014/04/03,281,282,281,282,5000,282,1
2014/04/07,282,282,282,282,2000,282,1
2014/04/08,282,282,282,282,1000,282,1
2014/04/09,281,281,280,280,3000,280,1
2014/04/10,278,278,278,278,3000,278,1
2014/04/11,279,279,277,277,2000,277,1
2014/04/14,278,285,278,280,3000,280,1
2014/04/15,275,275,267,268,19000,268,1
2014/04/16,260,267,260,267,16000,267,1
2014/04/17,267,267,267,267,6000,267,1
2014/04/18,275,282,275,282,2000,282,1
2014/04/21,280,282,280,282,2000,282,1
2014/04/22,281,281,280,280,3000,280,1
2014/04/24,284,285,281,282,6000,282,1
2014/04/25,288,288,285,285,2000,285,1
2014/04/28,291,291,291,291,2000,291,1
2014/04/30,290,290,290,290,5000,290,1
2014/05/01,306,312,297,312,15000,312,1
2014/05/02,297,297,297,297,1000,297,1
2014/05/07,294,294,294,294,1000,294,1
2014/05/08,294,294,294,294,1000,294,1
2014/05/13,296,296,296,296,2000,296,1
2014/05/14,304,304,304,304,1000,304,1
2014/05/15,308,308,308,308,1000,308,1
2014/05/19,296,296,285,285,7000,285,1
2014/05/27,293,293,293,293,1000,293,1
2014/05/28,301,301,301,301,1000,301,1
2014/05/29,301,301,301,301,1000,301,1
2014/06/03,297,305,297,305,2000,305,1
2014/06/09,305,306,297,306,3000,306,1
2014/06/11,309,309,309,309,2000,309,1
2014/06/13,316,316,316,316,1000,316,1
2014/06/17,303,303,301,303,3000,303,1
2014/06/18,321,321,321,321,1000,321,1
2014/06/19,307,307,307,307,2000,307,1
2014/06/25,309,309,309,309,1000,309,1
2014/06/26,317,317,317,317,1000,317,1
2014/06/30,330,330,330,330,2000,330,1
2014/07/02,330,330,316,316,3000,316,1
2014/07/03,313,313,311,311,6000,311,1
2014/07/04,316,316,316,316,1000,316,1
2014/07/10,320,328,320,328,2000,328,1
2014/07/15,318,318,318,318,1000,318,1
2014/07/16,315,315,315,315,1000,315,1
2014/07/22,319,320,319,320,10000,320,1
2014/07/23,314,314,308,308,5000,308,1
2014/07/24,316,316,316,316,1000,316,1
2014/07/25,309,317,309,317,2000,317,1
2014/07/28,317,325,317,325,3000,325,1
2014/07/30,325,325,325,325,3000,325,1
2014/08/01,317,325,317,325,2000,325,1
2014/08/05,310,315,310,310,9000,310,1
2014/08/06,308,308,308,308,2000,308,1
2014/08/07,308,308,308,308,10000,308,1
2014/08/08,305,308,300,308,3000,308,1
2014/08/11,309,309,309,309,1000,309,1
2014/08/12,301,301,301,301,2000,301,1
2014/08/14,300,300,300,300,3000,300,1
2014/08/15,300,300,299,299,2000,299,1
2014/08/29,291,291,291,291,3000,291,1
2014/09/01,292,294,292,294,45000,294,1
2014/09/04,302,302,302,302,1000,302,1
2014/09/05,301,301,301,301,1000,301,1
2014/09/17,295,295,295,295,1000,295,1
2014/09/18,295,295,295,295,1000,295,1
2014/09/19,295,295,290,290,3000,290,1
2014/09/26,291,291,291,291,1000,291,1
2014/09/30,305,305,305,305,2000,305,1
2014/10/14,298,298,298,298,2000,298,1
2014/10/16,293,293,290,290,3000,290,1
2014/10/20,298,298,298,298,1000,298,1
2014/10/29,296,296,296,296,1000,296,1
2014/10/31,302,302,302,302,1000,302,1
2014/11/04,305,310,297,310,3000,310,1
2014/11/05,298,298,296,296,2000,296,1
2014/11/06,295,295,295,295,1000,295,1
2014/11/10,290,290,290,290,1000,290,1
2014/11/12,285,285,283,283,2000,283,1
2014/11/13,283,283,283,283,1000,283,1
2014/11/17,286,286,286,286,2000,286,1
2014/11/18,285,285,285,285,1000,285,1
2014/11/21,285,285,282,282,2000,282,1
2014/11/25,282,282,282,282,1000,282,1
2014/11/26,282,282,282,282,1000,282,1
2014/11/28,288,288,288,288,1000,288,1
2014/12/01,284,285,280,285,14000,285,1
2014/12/02,285,285,285,285,1000,285,1
2014/12/03,283,283,280,280,4000,280,1
2014/12/04,280,288,280,288,3000,288,1
2014/12/15,284,284,283,284,4000,284,1
2014/12/16,284,284,284,284,1000,284,1
2014/12/17,284,284,284,284,2000,284,1
2014/12/18,284,284,282,282,2000,282,1
2014/12/19,282,282,282,282,1000,282,1
2014/12/22,282,282,282,282,1000,282,1
2014/12/24,282,282,282,282,1000,282,1
2014/12/25,280,280,280,280,2000,280,1
2014/12/29,284,288,284,288,3000,288,1
2014/12/30,302,303,288,288,7000,288,1
2015/01/05,285,289,281,289,4000,289,1
2015/01/09,295,295,295,295,1000,295,1
2015/01/15,287,293,287,293,2000,293,1
2015/01/21,299,299,287,287,2000,287,1
2015/01/22,311,311,286,286,3000,286,1
2015/01/27,318,318,318,318,1000,318,1
2015/01/28,292,292,292,292,1000,292,1
2015/01/29,298,298,298,298,1000,298,1
2015/02/02,288,288,288,288,1000,288,1
2015/02/04,288,288,288,288,2000,288,1
2015/02/10,295,295,295,295,1000,295,1
2015/02/12,289,290,289,290,3000,290,1
2015/02/13,295,295,295,295,1000,295,1
2015/02/16,295,295,294,295,5000,295,1
2015/02/17,295,295,295,295,1000,295,1
2015/02/18,295,295,288,295,3000,295,1
2015/02/26,299,299,299,299,1000,299,1
2015/02/27,300,300,300,300,6000,300,1
2015/03/04,292,292,292,292,1000,292,1
2015/03/06,300,300,300,300,1000,300,1
2015/03/13,304,304,304,304,1000,304,1
2015/03/17,309,309,309,309,1000,309,1
2015/03/30,304,304,304,304,1000,304,1
2015/03/31,318,318,318,318,1000,318,1
2015/04/13,303,303,303,303,1000,303,1
2015/04/14,304,305,304,304,9000,304,1
2015/04/15,303,303,296,303,7000,303,1
2015/04/17,303,303,296,296,2000,296,1
2015/04/21,295,299,295,299,3000,299,1
2015/04/22,295,298,294,298,5000,298,1
2015/04/23,303,303,303,303,1000,303,1
2015/04/24,295,295,295,295,2000,295,1
2015/04/27,290,290,290,290,4000,290,1
2015/04/30,285,285,284,284,3000,284,1
2015/05/01,284,284,284,284,6000,284,1
2015/05/07,287,300,286,300,5000,300,1
2015/05/08,290,295,290,295,4000,295,1
2015/05/11,287,287,287,287,4000,287,1
2015/05/12,285,285,280,284,8000,284,1
2015/05/13,287,287,287,287,3000,287,1
2015/05/15,295,295,295,295,1000,295,1
2015/05/19,287,287,284,284,3000,284,1
2015/05/20,289,289,289,289,1000,289,1
2015/05/21,282,282,282,282,1000,282,1
2015/05/27,283,283,283,283,1000,283,1
2015/05/28,283,283,282,282,3000,282,1
2015/06/01,282,282,282,282,99000,282,1
2015/06/02,287,287,284,284,3000,284,1
2015/06/04,284,284,284,284,1000,284,1
2015/06/05,280,288,280,288,7000,288,1
2015/06/08,292,292,292,292,1000,292,1
2015/06/09,285,285,284,285,9000,285,1
2015/06/10,282,282,282,282,1000,282,1
2015/06/12,284,292,284,292,2000,292,1
2015/06/15,292,292,292,292,1000,292,1
2015/06/16,292,292,292,292,1000,292,1
2015/06/17,296,296,296,296,1000,296,1
2015/06/18,298,298,298,298,1000,298,1
2015/06/22,290,290,290,290,1000,290,1
2015/06/24,291,298,291,298,2000,298,1
2015/06/26,298,298,298,298,1000,298,1
2015/06/29,298,298,292,292,3000,292,1
2015/06/30,300,300,300,300,1000,300,1
2015/07/02,300,300,300,300,1000,300,1
2015/07/03,292,299,292,299,2000,299,1
2015/07/06,299,299,299,299,1000,299,1
2015/07/07,307,307,297,305,3000,305,1
2015/07/09,292,292,292,292,2000,292,1
2015/07/14,298,299,298,299,6000,299,1
2015/07/17,297,300,297,300,4000,300,1
2015/07/23,292,292,292,292,1000,292,1
2015/07/24,295,300,295,300,2000,300,1
2015/07/27,315,319,297,297,3000,297,1
2015/07/30,310,310,310,310,1000,310,1
2015/07/31,310,320,310,320,2000,320,1
2015/08/07,305,307,305,307,4000,307,1
2015/08/10,307,307,307,307,1000,307,1
2015/08/13,305,305,305,305,1000,305,1
2015/08/18,300,300,300,300,5000,300,1
2015/08/19,300,300,300,300,1000,300,1
2015/08/24,282,282,282,282,2000,282,1
2015/08/25,282,282,282,282,1000,282,1
2015/08/26,281,281,281,281,2000,281,1
2015/08/28,297,297,289,289,2000,289,1
2015/09/08,281,281,280,280,3000,280,1
2015/09/09,294,294,294,294,1000,294,1
2015/09/29,294,294,294,294,1000,294,1
2015/09/30,299,299,291,291,2000,291,1
2015/10/07,285,285,285,285,1000,285,1
2015/10/08,286,286,286,286,1000,286,1
2015/10/13,284,284,284,284,1000,284,1
2015/10/20,284,284,284,284,1000,284,1
2015/10/22,284,284,284,284,1000,284,1
2015/10/26,291,291,291,291,1000,291,1
2015/10/27,286,286,286,286,2000,286,1
2015/10/28,285,285,285,285,1000,285,1
2015/10/30,292,292,292,292,1000,292,1
2015/11/02,284,284,280,280,5000,280,1
2015/11/04,277,277,277,277,1000,277,1
2015/11/06,278,285,278,285,2000,285,1
2015/11/09,277,277,277,277,5000,277,1
2015/11/13,282,282,282,282,1000,282,1
2015/11/20,285,285,279,285,3000,285,1
2015/11/27,290,290,290,290,1000,290,1
2015/12/10,284,292,284,292,3000,292,1
2015/12/18,287,292,287,292,2000,292,1
2015/12/24,285,285,285,285,1000,285,1
2015/12/25,286,286,284,284,3000,284,1
2015/12/28,283,291,283,291,2000,291,1
2015/12/29,291,293,291,293,3000,293,1
2015/12/30,297,297,297,297,1000,297,1
2016/01/05,289,289,289,289,1000,289,1
2016/01/06,288,288,287,288,3000,288,1
2016/01/08,288,294,288,294,10000,294,1
2016/01/15,297,299,297,299,3000,299,1
2016/01/20,286,286,286,286,1000,286,1
2016/01/22,294,294,294,294,1000,294,1
2016/01/27,286,290,286,290,3000,290,1
2016/01/29,298,298,298,298,1000,298,1
2016/02/03,285,285,285,285,2000,285,1
2016/02/05,284,284,284,284,1000,284,1
2016/02/09,282,282,282,282,1000,282,1
2016/02/25,275,280,275,279,4000,279,1
2016/02/26,285,285,278,278,2000,278,1
2016/03/11,285,285,285,285,9000,285,1
2016/03/15,279,279,279,279,1000,279,1
2016/03/31,282,282,282,282,1000,282,1
2016/04/01,282,282,282,282,1000,282,1
2016/04/06,277,277,277,277,1000,277,1
2016/04/18,272,272,272,272,1000,272,1
2016/04/19,274,280,274,280,2000,280,1
2016/04/20,276,276,276,276,1000,276,1
2016/04/28,276,276,276,276,1000,276,1
2016/05/27,284,284,284,284,1000,284,1
2016/05/31,276,280,276,280,3000,280,1
2016/06/01,274,274,274,274,1000,274,1
2016/06/08,274,274,274,274,3000,274,1
2016/06/09,274,274,274,274,1000,274,1
2016/06/15,274,274,274,274,1000,274,1
2016/06/17,272,272,272,272,2000,272,1
2016/06/20,280,280,280,280,1000,280,1
2016/06/30,280,288,280,288,2000,288,1
2016/07/04,293,293,293,293,1000,293,1
2016/07/05,285,285,285,285,1000,285,1
2016/08/03,290,290,290,290,2000,290,1
2016/08/12,295,295,295,295,1000,295,1
2016/08/23,290,290,288,288,2000,288,1
2016/08/24,288,288,288,288,8000,288,1
2016/08/30,296,296,296,296,1000,296,1
2016/08/31,286,286,286,286,5000,286,1
2016/09/07,288,288,288,288,1000,288,1
2016/09/14,294,299,294,299,2000,299,1
2016/09/15,299,299,299,299,3000,299,1
2016/09/16,300,300,300,300,1000,300,1
2016/09/20,300,300,300,300,3000,300,1
2016/09/21,291,291,291,291,2000,291,1
2016/09/30,304,304,304,304,1000,304,1
2016/10/03,291,295,291,295,7000,295,1
2016/10/04,289,295,289,295,2000,295,1
2016/10/07,303,303,303,303,1000,303,1
2016/10/13,295,295,295,295,1000,295,1
2016/10/19,305,305,305,305,1000,305,1
2016/10/21,299,299,299,299,1000,299,1
2016/10/24,299,299,299,299,1000,299,1
2016/10/27,305,305,305,305,1000,305,1
2016/11/08,299,299,299,299,1000,299,1
2016/11/10,307,307,307,307,1000,307,1
2016/11/15,299,299,299,299,1000,299,1
2016/11/18,307,307,307,307,1000,307,1
2016/11/21,300,300,300,300,1000,300,1
2016/11/22,292,297,285,297,9000,297,1
2016/11/30,302,302,302,302,1000,302,1
2016/12/01,310,310,310,310,1000,310,1
2016/12/15,313,313,313,313,1000,313,1
2016/12/26,308,308,308,308,2000,308,1
2016/12/30,314,316,314,316,2000,316,1
2017/01/04,316,316,316,316,1000,316,1
2017/01/05,317,317,317,317,2000,317,1
2017/01/18,327,327,327,327,1000,327,1
2017/01/20,333,351,327,327,5000,327,1
2017/01/30,328,328,328,328,2000,328,1
2017/01/31,328,328,328,328,1000,328,1
2017/02/01,320,328,320,328,7000,328,1
2017/02/08,329,330,329,330,5000,330,1
2017/02/09,330,330,330,330,1000,330,1
2017/02/16,324,324,324,324,1000,324,1
2017/02/17,322,325,322,325,2000,325,1
2017/02/20,321,326,321,326,2000,326,1
2017/02/23,334,334,334,334,1000,334,1
2017/03/02,334,334,334,334,1000,334,1
2017/03/07,334,335,334,335,2000,335,1
2017/03/22,323,323,323,323,1000,323,1
2017/03/27,323,323,323,323,1000,323,1
2017/03/29,323,330,323,330,2000,330,1
2017/03/30,330,330,330,330,3000,330,1
2017/03/31,334,334,334,334,1000,334,1
2017/04/04,334,334,334,334,2000,334,1
2017/04/17,334,334,334,334,6000,334,1
2017/04/20,334,334,334,334,2000,334,1
2017/04/21,334,334,334,334,2000,334,1
2017/04/27,334,334,334,334,1000,334,1
2017/05/02,340,340,335,335,2000,335,1
2017/05/08,336,337,336,337,2000,337,1
2017/05/11,345,345,337,345,3000,345,1
2017/05/12,345,345,345,345,6000,345,1
2017/05/17,345,345,341,341,3000,341,1
2017/05/29,349,352,349,352,3000,352,1
2017/06/06,344,344,344,344,5000,344,1
2017/06/15,350,350,350,350,1000,350,1
2017/06/16,350,350,350,350,1000,350,1
2017/06/22,357,357,357,357,1000,357,1
2017/06/23,352,352,352,352,1000,352,1
2017/06/27,351,351,351,351,2000,351,1
2017/06/30,352,352,352,352,1000,352,1
2017/07/18,377,377,377,377,2000,377,1
2017/07/19,377,377,377,377,1000,377,1
2017/07/21,376,377,376,377,3000,377,1
2017/07/24,399,436,398,436,11000,436,1
2017/07/25,425,425,391,391,6000,391,1
2017/07/26,384,385,384,385,2000,385,1
2017/07/28,385,385,385,385,1000,385,1
2017/07/31,409,409,408,408,3000,408,1
2017/08/01,409,409,409,409,1000,409,1
2017/08/02,411,411,411,411,1000,411,1
2017/08/07,412,412,412,412,1000,412,1
2017/08/08,412,412,411,411,4000,411,1
2017/08/16,408,408,408,408,1000,408,1
2017/08/17,406,406,406,406,1000,406,1
2017/08/23,405,405,405,405,1000,405,1
2017/08/24,406,406,406,406,1000,406,1
2017/08/25,414,414,414,414,1000,414,1
2017/09/11,420,420,420,420,2000,420,1
2017/09/19,420,427,420,427,2000,427,1
2017/09/28,433,434,433,434,3000,434,1
2017/09/29,434,434,434,434,1000,434,1
2017/10/02,438,438,438,438,1000,438,1
2017/10/03,438,440,438,440,4000,440,1
2017/10/11,441,441,441,441,1000,441,1
2017/10/12,441,451,441,451,2000,451,1
2017/10/16,451,451,451,451,6000,451,1
2017/10/23,451,459,443,459,7000,459,1
2017/10/26,451,451,443,450,3000,450,1
2017/10/27,446,454,446,454,2000,454,1
2017/10/30,456,464,456,464,3000,464,1
2017/10/31,465,470,465,470,4000,470,1
2017/11/01,470,470,470,470,1000,470,1
2017/11/07,473,473,473,473,2000,473,1
2017/11/09,478,478,478,478,2000,478,1
2017/11/13,473,473,473,473,1000,473,1
2017/11/15,470,470,470,470,3000,470,1
2017/11/16,465,465,465,465,1000,465,1
2017/11/20,473,473,473,473,1000,473,1
2017/11/27,469,474,460,474,4000,474,1
2017/11/28,474,474,474,474,3000,474,1
2017/11/29,474,474,474,474,2000,474,1
2017/12/04,474,474,474,474,2000,474,1
2017/12/08,474,474,474,474,1000,474,1
2017/12/13,466,473,461,473,4000,473,1
2017/12/14,466,466,460,460,5000,460,1
2017/12/18,460,460,460,460,7000,460,1
2017/12/22,452,460,452,460,2000,460,1
2017/12/25,452,452,442,450,8000,450,1
2017/12/28,450,450,450,450,1000,450,1
2017/12/29,452,452,452,452,1000,452,1
2018/01/04,471,471,471,471,1000,471,1
2018/01/05,474,484,474,484,7000,484,1
2018/01/11,481,482,481,482,2000,482,1
2018/01/15,485,488,485,488,4000,488,1
2018/01/16,496,497,487,497,8000,497,1
2018/01/17,496,496,496,496,1000,496,1
2018/01/18,499,546,499,546,13000,546,1
2018/01/19,516,530,505,530,10000,530,1
2018/01/22,620,630,603,630,50000,630,1
2018/01/23,670,728,629,648,121000,648,1
2018/01/24,700,716,670,670,47000,670,1
2018/01/25,670,670,591,607,26000,607,1
2018/01/26,603,607,595,604,12000,604,1
2018/01/29,580,580,561,561,12000,561,1
2018/01/30,598,598,575,575,7000,575,1
2018/01/31,547,570,547,570,4000,570,1
2018/02/01,578,589,578,588,4000,588,1
2018/02/07,534,570,534,570,8000,570,1
2018/02/08,550,550,550,550,1000,550,1
2018/02/13,530,531,530,531,4000,531,1
2018/02/14,531,531,531,531,4000,531,1
2018/02/15,532,532,532,532,4000,532,1
2018/02/19,543,543,543,543,3000,543,1
2018/02/20,573,573,573,573,1000,573,1
2018/02/23,573,573,573,573,1000,573,1
2018/03/02,575,593,573,593,4000,593,1
2018/03/05,574,574,573,573,2000,573,1
2018/03/07,565,585,565,585,3000,585,1
2018/03/09,585,585,570,570,5000,570,1
2018/03/12,573,573,573,573,1000,573,1
2018/03/15,600,600,600,600,1000,600,1
2018/03/22,599,599,585,585,3000,585,1
2018/03/23,578,578,570,570,2000,570,1
2018/03/26,570,570,570,570,3000,570,1
2018/03/27,572,572,572,572,1000,572,1
2018/03/29,585,585,585,585,1000,585,1
2018/03/30,614,614,614,614,1000,614,1
2018/04/02,598,610,598,598,6000,598,1
2018/04/03,600,600,600,600,1000,600,1
2018/04/04,588,588,588,588,2000,588,1
2018/04/09,580,580,580,580,3000,580,1
2018/04/10,570,570,570,570,1000,570,1
2018/04/12,560,560,560,560,1000,560,1
2018/04/13,588,588,568,571,3000,571,1
2018/04/20,591,591,591,591,1000,591,1
2018/04/25,586,610,586,590,10000,590,1
2018/04/26,586,586,575,575,2000,575,1
2018/04/27,609,609,600,609,3000,609,1
2018/05/01,614,619,614,619,10000,619,1
2018/05/02,619,619,555,585,15000,585,1
2018/05/07,595,595,595,595,3000,595,1
2018/05/08,595,595,585,585,4000,585,1
2018/05/09,585,585,575,575,3000,575,1
2018/05/10,565,574,565,574,2000,574,1
2018/05/11,573,573,563,573,3000,573,1
2018/05/15,574,574,573,573,3000,573,1
2018/05/16,566,566,551,551,5000,551,1
2018/05/21,556,569,556,569,4000,569,1
2018/05/22,560,579,560,579,6000,579,1
2018/05/23,579,579,579,579,5000,579,1
2018/06/05,578,578,573,573,2000,573,1
2018/06/08,569,569,569,569,1000,569,1
2018/06/12,569,569,569,569,8000,569,1
2018/06/13,565,565,563,563,3000,563,1
2018/06/15,561,561,561,561,6000,561,1
2018/06/18,561,561,561,561,1000,561,1
2018/06/21,560,570,559,570,8000,570,1
2018/06/25,570,570,570,570,5000,570,1
2018/06/26,560,560,557,557,2000,557,1
2018/06/29,558,558,558,558,1000,558,1
2018/07/03,568,568,568,568,2000,568,1
2018/07/04,568,568,568,568,7000,568,1
2018/07/11,558,558,558,558,1000,558,1
2018/07/12,550,550,550,550,3000,550,1
