2007/01/05,544,554,544,554,2000,554,1
2007/01/09,526,526,526,526,1000,526,1
2007/01/11,535,535,535,535,1000,535,1
2007/01/16,525,540,525,540,3000,540,1
2007/01/22,540,540,540,540,11000,540,1
2007/01/24,540,540,540,540,1000,540,1
2007/01/29,521,521,521,521,2000,521,1
2007/01/31,514,514,514,514,1000,514,1
2007/02/02,534,534,515,515,9000,515,1
2007/02/05,515,515,515,515,1000,515,1
2007/02/08,529,529,529,529,1000,529,1
2007/02/14,524,524,524,524,1000,524,1
2007/02/19,538,539,538,539,2000,539,1
2007/02/20,539,539,539,539,1000,539,1
2007/02/21,558,558,558,558,1000,558,1
2007/02/22,557,557,557,557,11000,557,1
2007/02/23,536,540,536,540,4000,540,1
2007/02/27,540,540,540,540,1000,540,1
2007/02/28,510,510,510,510,1000,510,1
2007/03/02,539,539,539,539,1000,539,1
2007/03/05,521,521,521,521,1000,521,1
2007/03/09,530,530,530,530,1000,530,1
2007/03/15,530,530,530,530,1000,530,1
2007/03/16,535,535,535,535,1000,535,1
2007/03/19,544,544,544,544,1000,544,1
2007/03/22,544,570,544,570,3000,570,1
2007/03/23,570,570,570,570,11000,570,1
2007/03/26,570,570,570,570,1000,570,1
2007/04/02,538,548,538,548,2000,548,1
2007/04/03,570,570,570,570,1000,570,1
2007/04/04,541,551,541,551,2000,551,1
2007/04/05,531,531,531,531,2000,531,1
2007/04/09,531,540,530,540,3000,540,1
2007/04/11,550,550,550,550,1000,550,1
2007/04/20,540,548,540,548,2000,548,1
2007/04/23,548,548,548,548,9000,548,1
2007/04/25,548,548,548,548,2000,548,1
2007/05/02,545,545,545,545,1000,545,1
2007/05/07,525,531,525,531,4000,531,1
2007/05/08,540,540,540,540,1000,540,1
2007/05/09,540,540,540,540,2000,540,1
2007/05/16,536,536,536,536,1000,536,1
2007/05/18,538,545,538,545,16000,545,1
2007/05/21,545,555,531,555,11000,555,1
2007/05/22,553,553,553,553,11000,553,1
2007/05/23,533,533,533,533,2000,533,1
2007/06/04,541,541,541,541,1000,541,1
2007/06/05,532,532,532,532,1000,532,1
2007/06/13,537,537,537,537,1000,537,1
2007/06/15,537,537,537,537,1000,537,1
2007/06/18,535,535,535,535,1000,535,1
2007/06/19,537,537,537,537,1000,537,1
2007/06/21,547,547,547,547,1000,547,1
2007/06/22,547,547,547,547,11000,547,1
2007/07/03,540,540,540,540,5000,540,1
2007/07/04,535,540,535,540,2000,540,1
2007/07/09,546,550,546,550,2000,550,1
2007/07/10,542,542,542,542,1000,542,1
2007/07/18,556,556,556,556,1000,556,1
2007/07/19,565,585,565,585,4000,585,1
2007/07/20,579,579,579,579,3000,579,1
2007/07/23,579,579,579,579,12000,579,1
2007/07/24,579,579,579,579,1000,579,1
2007/08/02,579,579,579,579,1000,579,1
2007/08/03,561,561,561,561,1000,561,1
2007/08/07,561,561,561,561,1000,561,1
2007/08/09,541,541,541,541,1000,541,1
2007/08/10,540,540,540,540,1000,540,1
2007/09/04,550,550,550,550,1000,550,1
2007/09/05,540,540,540,540,1000,540,1
2007/09/18,541,545,540,540,6000,540,1
2007/09/20,545,550,545,550,2000,550,1
2007/09/21,550,550,540,550,5000,550,1
2007/09/25,550,550,550,550,21000,550,1
2007/09/26,510,516,510,516,2000,516,1
2007/10/02,556,556,556,556,1000,556,1
2007/10/03,536,536,536,536,1000,536,1
2007/10/12,539,540,539,540,2000,540,1
2007/10/18,554,554,554,554,1000,554,1
2007/10/19,565,565,565,565,1000,565,1
2007/10/22,565,565,565,565,7000,565,1
2007/10/23,565,565,565,565,3000,565,1
2007/10/29,540,540,540,540,3000,540,1
2007/11/02,549,549,534,534,3000,534,1
2007/11/05,526,526,526,526,2000,526,1
2007/11/19,560,560,560,560,1000,560,1
2007/11/20,559,559,549,549,2000,549,1
2007/11/21,519,549,519,549,11000,549,1
2007/11/22,541,541,521,521,13000,521,1
2007/11/26,525,525,525,525,1000,525,1
2007/12/04,534,534,534,534,1000,534,1
2007/12/05,525,525,525,525,1000,525,1
2007/12/06,516,516,516,516,2000,516,1
2007/12/11,516,516,516,516,1000,516,1
2007/12/18,535,535,535,535,1000,535,1
2007/12/19,535,535,535,535,10000,535,1
2007/12/20,534,534,534,534,2000,534,1
2007/12/21,533,533,533,533,1000,533,1
2007/12/25,533,533,533,533,14000,533,1
2007/12/27,520,520,520,520,1000,520,1
2008/01/07,530,530,530,530,1000,530,1
2008/01/08,522,522,522,522,1000,522,1
2008/01/11,521,521,521,521,1000,521,1
2008/01/15,520,520,520,520,1000,520,1
2008/01/17,503,510,503,510,2000,510,1
2008/01/18,510,510,510,510,1000,510,1
2008/01/21,520,520,520,520,2000,520,1
2008/01/22,520,520,520,520,8000,520,1
2008/01/24,520,520,520,520,1000,520,1
2008/02/04,550,550,550,550,1000,550,1
2008/02/05,521,521,521,521,1000,521,1
2008/02/08,504,504,504,504,3000,504,1
2008/02/21,528,528,528,528,1000,528,1
2008/02/22,528,528,528,528,4000,528,1
2008/02/27,528,528,528,528,1000,528,1
2008/03/04,545,545,520,520,6000,520,1
2008/03/05,515,515,515,515,1000,515,1
2008/03/06,513,513,513,513,2000,513,1
2008/03/19,539,539,533,533,2000,533,1
2008/03/21,543,543,543,543,1000,543,1
2008/03/24,543,543,543,543,8000,543,1
2008/04/02,550,550,550,550,1000,550,1
2008/04/03,523,523,523,523,1000,523,1
2008/04/04,523,523,523,523,1000,523,1
2008/04/08,538,538,538,538,1000,538,1
2008/04/11,537,537,537,537,2000,537,1
2008/04/17,540,540,540,540,1000,540,1
2008/04/18,550,550,550,550,5000,550,1
2008/04/21,550,550,550,550,1000,550,1
2008/04/28,550,550,550,550,1000,550,1
2008/05/02,559,559,559,559,1000,559,1
2008/05/07,559,559,559,559,1000,559,1
2008/05/15,550,550,550,550,2000,550,1
2008/05/21,590,590,590,590,1000,590,1
2008/05/22,590,590,590,590,9000,590,1
2008/05/23,590,590,590,590,2000,590,1
2008/05/26,590,590,590,590,4000,590,1
2008/05/27,590,590,590,590,12000,590,1
2008/06/03,590,590,590,590,1000,590,1
2008/06/04,560,560,560,560,1000,560,1
2008/06/06,570,570,570,570,1000,570,1
2008/06/09,575,575,571,571,3000,571,1
2008/06/11,571,571,570,570,3000,570,1
2008/06/17,570,590,570,590,3000,590,1
2008/06/20,570,570,570,570,1000,570,1
2008/06/23,570,570,540,540,11000,540,1
2008/06/25,530,530,530,530,2000,530,1
2008/06/27,530,531,530,531,2000,531,1
2008/07/02,550,550,550,550,1000,550,1
2008/07/03,541,541,541,541,1000,541,1
2008/07/11,541,541,520,520,10000,520,1
2008/07/14,520,520,520,520,4000,520,1
2008/07/17,540,540,540,540,1000,540,1
2008/07/18,540,541,540,541,4000,541,1
2008/07/22,559,559,559,559,3000,559,1
2008/07/23,559,559,559,559,16000,559,1
2008/07/24,529,531,529,531,2000,531,1
2008/07/25,541,541,541,541,1000,541,1
2008/07/28,534,534,534,534,1000,534,1
2008/08/04,543,543,543,543,1000,543,1
2008/08/05,535,535,535,535,1000,535,1
2008/08/18,549,560,549,560,4000,560,1
2008/08/19,551,570,551,570,4000,570,1
2008/08/20,560,560,560,560,1000,560,1
2008/08/22,548,555,548,555,10000,555,1
2008/08/26,536,536,536,536,1000,536,1
2008/08/27,535,535,535,535,2000,535,1
2008/08/29,545,545,545,545,1000,545,1
2008/09/02,554,554,554,554,1000,554,1
2008/09/03,541,541,537,537,3000,537,1
2008/09/09,520,520,520,520,4000,520,1
2008/09/10,520,520,520,520,1000,520,1
2008/09/11,516,516,516,516,1000,516,1
2008/09/12,521,521,521,521,1000,521,1
2008/09/16,526,527,526,527,3000,527,1
2008/09/17,527,527,526,526,4000,526,1
2008/09/18,527,527,527,527,1000,527,1
2008/09/19,527,547,527,547,3000,547,1
2008/09/22,545,545,529,529,14000,529,1
2008/09/24,521,521,521,521,2000,521,1
2008/10/02,530,530,530,530,1000,530,1
2008/10/03,520,520,520,520,2000,520,1
2008/10/09,505,505,489,489,2000,489,1
2008/10/21,525,525,511,511,2000,511,1
2008/10/22,520,520,520,520,2000,520,1
2008/10/23,520,520,520,520,6000,520,1
2008/10/24,520,520,520,520,3000,520,1
2008/11/05,520,520,501,501,3000,501,1
2008/11/06,500,500,500,500,1000,500,1
2008/11/18,520,538,520,538,6000,538,1
2008/11/20,538,538,538,538,1000,538,1
2008/11/21,528,550,528,550,3000,550,1
2008/11/25,550,550,550,550,10000,550,1
2008/12/02,558,558,558,558,1000,558,1
2008/12/03,528,538,528,538,2000,538,1
2008/12/17,540,550,532,532,4000,532,1
2008/12/18,548,548,548,548,1000,548,1
2008/12/19,550,550,550,550,1000,550,1
2008/12/22,579,579,579,579,1000,579,1
2008/12/24,579,579,579,579,16000,579,1
2009/01/05,579,579,579,579,1000,579,1
2009/01/06,579,579,579,579,1000,579,1
2009/01/07,549,549,542,542,2000,542,1
2009/01/09,559,559,559,559,1000,559,1
2009/01/13,560,560,560,560,1000,560,1
2009/01/20,550,550,550,550,1000,550,1
2009/01/21,533,533,533,533,1000,533,1
2009/01/22,534,544,534,544,2000,544,1
2009/01/23,544,544,544,544,2000,544,1
2009/02/03,560,560,560,560,1000,560,1
2009/02/04,550,550,550,550,1000,550,1
2009/02/05,532,532,532,532,1000,532,1
2009/02/09,520,520,520,520,2000,520,1
2009/02/12,521,521,521,521,2000,521,1
2009/02/16,520,520,520,520,12000,520,1
2009/03/03,529,529,529,529,1000,529,1
2009/03/04,520,520,520,520,1000,520,1
2009/03/11,515,515,515,515,1000,515,1
2009/03/17,515,515,515,515,13000,515,1
2009/03/19,524,550,524,550,4000,550,1
2009/03/23,550,550,520,520,28000,520,1
2009/04/02,555,555,555,555,1000,555,1
2009/04/03,527,527,527,527,1000,527,1
2009/04/10,527,527,527,527,1000,527,1
2009/04/13,528,528,528,528,1000,528,1
2009/04/15,530,530,530,530,2000,530,1
2009/04/21,540,550,540,550,2000,550,1
2009/04/22,550,550,550,550,10000,550,1
2009/05/07,559,559,559,559,1000,559,1
2009/05/08,540,540,540,540,1000,540,1
2009/05/11,540,540,540,540,1000,540,1
2009/05/14,532,532,532,532,1000,532,1
2009/05/18,552,552,552,552,1000,552,1
2009/05/19,542,542,542,542,1000,542,1
2009/05/21,544,544,544,544,1000,544,1
2009/05/22,544,544,544,544,3000,544,1
2009/05/25,544,544,544,544,1000,544,1
2009/05/26,540,540,540,540,7000,540,1
2009/05/28,530,530,530,530,3000,530,1
2009/06/02,549,549,540,540,2000,540,1
2009/06/03,540,540,537,537,2000,537,1
2009/06/08,537,537,537,537,1000,537,1
2009/06/16,530,535,530,535,6000,535,1
2009/06/19,540,550,540,550,8000,550,1
2009/06/22,538,544,538,544,12000,544,1
2009/06/23,530,530,530,530,8000,530,1
2009/07/02,536,543,536,543,4000,543,1
2009/07/03,535,535,535,535,1000,535,1
2009/07/06,535,535,535,535,1000,535,1
2009/07/07,535,535,535,535,1000,535,1
2009/07/14,539,539,539,539,2000,539,1
2009/07/17,530,530,530,530,1000,530,1
2009/07/21,530,550,530,550,8000,550,1
2009/07/22,550,550,550,550,16000,550,1
2009/07/23,535,535,535,535,1000,535,1
2009/08/04,538,538,538,538,1000,538,1
2009/08/05,535,535,535,535,1000,535,1
2009/08/06,534,534,534,534,1000,534,1
2009/08/17,536,536,536,536,1000,536,1
2009/08/18,536,536,536,536,3000,536,1
2009/08/19,541,541,541,541,3000,541,1
2009/08/20,540,545,540,545,4000,545,1
2009/08/24,544,544,544,544,9000,544,1
2009/08/31,534,534,534,534,6000,534,1
2009/09/02,534,534,530,530,2000,530,1
2009/09/08,525,525,525,525,1000,525,1
2009/09/09,522,522,522,522,1000,522,1
2009/09/18,531,531,531,531,1000,531,1
2009/09/24,531,531,531,531,11000,531,1
2009/10/02,529,529,529,529,1000,529,1
2009/10/05,517,517,515,515,2000,515,1
2009/10/07,509,509,509,509,2000,509,1
2009/10/13,509,509,509,509,1000,509,1
2009/10/14,502,502,502,502,1000,502,1
2009/10/15,509,509,502,502,2000,502,1
2009/10/19,502,502,502,502,1000,502,1
2009/10/20,502,502,502,502,1000,502,1
2009/10/21,496,496,496,496,2000,496,1
2009/10/22,496,496,496,496,2000,496,1
2009/10/26,496,496,496,496,8000,496,1
2009/11/04,495,495,495,495,1000,495,1
2009/11/05,476,476,476,476,1000,476,1
2009/11/06,476,476,476,476,1000,476,1
2009/11/09,476,476,476,476,13000,476,1
2009/11/12,495,495,495,495,1000,495,1
2009/11/13,475,475,470,470,6000,470,1
2009/11/16,480,480,480,480,1000,480,1
2009/11/18,475,485,475,485,3000,485,1
2009/11/20,510,510,510,510,1000,510,1
2009/11/24,510,510,510,510,11000,510,1
2009/12/01,485,485,485,485,1000,485,1
2009/12/02,480,480,480,480,1000,480,1
2009/12/04,480,480,480,480,1000,480,1
2009/12/09,470,472,470,472,8000,472,1
2009/12/14,475,475,475,475,3000,475,1
2009/12/15,470,470,470,470,12000,470,1
2009/12/18,470,470,468,468,4000,468,1
2009/12/21,468,468,468,468,1000,468,1
2009/12/22,467,467,467,467,18000,467,1
2009/12/24,452,452,452,452,1000,452,1
2010/01/04,460,460,460,460,3000,460,1
2010/01/05,460,460,460,460,1000,460,1
2010/01/06,460,460,460,460,1000,460,1
2010/01/07,460,460,460,460,1000,460,1
2010/01/08,460,462,455,455,3000,455,1
2010/01/12,456,456,456,456,2000,456,1
2010/01/13,455,455,455,455,1000,455,1
2010/01/14,447,447,447,447,5000,447,1
2010/01/19,447,460,447,460,6000,460,1
2010/01/21,452,454,450,454,7000,454,1
2010/01/22,446,446,440,440,14000,440,1
2010/01/25,439,439,439,439,1000,439,1
2010/01/26,432,432,432,432,1000,432,1
2010/02/01,432,432,432,432,1000,432,1
2010/02/08,448,448,448,448,1000,448,1
2010/02/17,440,440,440,440,2000,440,1
2010/02/19,437,437,430,436,3000,436,1
2010/02/22,436,436,436,436,12000,436,1
2010/03/05,439,439,439,439,1000,439,1
2010/03/11,431,431,431,431,1000,431,1
2010/03/15,426,426,426,426,1000,426,1
2010/03/18,440,440,440,440,1000,440,1
2010/03/23,438,438,438,438,12000,438,1
2010/04/06,442,442,442,442,3000,442,1
2010/04/09,448,448,448,448,2000,448,1
2010/04/14,450,450,450,450,3000,450,1
2010/04/16,454,465,454,465,3000,465,1
2010/04/20,465,465,465,465,2000,465,1
2010/04/22,465,465,465,465,11000,465,1
2010/04/23,473,473,473,473,1000,473,1
2010/04/27,473,473,473,473,1000,473,1
2010/05/13,460,460,460,460,1000,460,1
2010/05/14,468,468,468,468,2000,468,1
2010/05/17,461,461,461,461,4000,461,1
2010/05/20,477,479,471,479,5000,479,1
2010/05/21,469,478,469,478,3000,478,1
2010/05/24,477,477,477,477,11000,477,1
2010/06/01,458,458,458,458,1000,458,1
2010/06/04,458,458,458,458,1000,458,1
2010/06/08,458,458,458,458,1000,458,1
2010/06/09,457,457,457,457,1000,457,1
2010/06/16,457,458,457,457,9000,457,1
2010/06/18,457,467,457,467,4000,467,1
2010/06/21,463,470,463,470,2000,470,1
2010/06/22,470,470,470,470,11000,470,1
2010/07/02,470,470,470,470,1000,470,1
2010/07/05,449,449,449,449,1000,449,1
2010/07/09,465,470,465,470,2000,470,1
2010/07/12,470,470,470,470,1000,470,1
2010/07/15,474,475,474,475,2000,475,1
2010/07/16,478,478,478,478,1000,478,1
2010/07/20,479,480,479,480,2000,480,1
2010/07/21,488,488,488,488,1000,488,1
2010/07/22,488,488,488,488,12000,488,1
2010/07/23,490,490,490,490,1000,490,1
2010/07/26,490,490,490,490,5000,490,1
2010/07/28,490,490,490,490,1000,490,1
2010/07/30,471,471,471,471,1000,471,1
2010/08/10,484,485,484,485,2000,485,1
2010/08/17,480,480,472,472,2000,472,1
2010/08/20,480,485,480,485,3000,485,1
2010/08/23,485,485,485,485,11000,485,1
2010/08/26,472,472,472,472,1000,472,1
2010/09/06,472,472,472,472,1000,472,1
2010/09/13,470,470,470,470,1000,470,1
2010/09/17,470,470,470,470,1000,470,1
2010/09/22,470,470,470,470,10000,470,1
2010/10/05,462,462,462,462,1000,462,1
2010/10/06,454,454,454,454,2000,454,1
2010/10/07,450,450,450,450,1000,450,1
2010/10/12,455,455,455,455,1000,455,1
2010/10/14,450,450,450,450,3000,450,1
2010/10/18,460,460,460,460,1000,460,1
2010/10/20,468,468,468,468,1000,468,1
2010/10/22,468,468,468,468,10000,468,1
2010/10/25,468,468,468,468,1000,468,1
2010/11/02,450,450,450,450,1000,450,1
2010/11/04,442,456,442,456,2000,456,1
2010/11/10,459,459,459,459,1000,459,1
2010/11/12,459,459,459,459,1000,459,1
2010/11/15,451,451,451,451,1000,451,1
2010/11/22,451,451,451,451,9000,451,1
2010/11/24,451,451,451,451,1000,451,1
2010/11/25,455,455,455,455,1000,455,1
2010/11/29,455,455,455,455,4000,455,1
2010/12/06,454,454,454,454,1000,454,1
2010/12/10,431,431,431,431,8000,431,1
2010/12/14,445,445,445,445,1000,445,1
2010/12/16,440,452,440,452,2000,452,1
2010/12/20,452,452,452,452,2000,452,1
2010/12/21,452,452,452,452,1000,452,1
2010/12/22,452,452,452,452,13000,452,1
2010/12/24,452,452,452,452,5000,452,1
2010/12/28,436,436,436,436,1000,436,1
2011/01/13,445,445,445,445,1000,445,1
2011/01/14,440,440,440,440,1000,440,1
2011/01/20,445,445,445,445,1000,445,1
2011/01/21,452,452,452,452,1000,452,1
2011/01/24,452,452,452,452,4000,452,1
2011/01/25,452,452,452,452,11000,452,1
2011/02/10,454,454,454,454,3000,454,1
2011/02/15,472,472,472,472,1000,472,1
2011/02/21,464,468,456,456,16000,456,1
2011/02/22,457,457,455,455,13000,455,1
2011/02/28,455,459,455,459,2000,459,1
2011/03/02,456,456,455,455,2000,455,1
2011/03/07,455,455,455,455,1000,455,1
2011/03/09,454,454,454,454,1000,454,1
2011/03/11,450,450,450,450,1000,450,1
2011/03/18,465,465,465,465,1000,465,1
2011/03/22,462,462,462,462,11000,462,1
2011/03/25,454,454,454,454,1000,454,1
2011/04/04,442,442,434,434,4000,434,1
2011/04/05,434,434,434,434,9000,434,1
2011/04/11,437,437,437,437,2000,437,1
2011/04/18,446,460,446,460,2000,460,1
2011/04/22,450,450,450,450,11000,450,1
2011/05/06,442,442,433,433,7000,433,1
2011/05/09,425,425,425,425,4000,425,1
2011/05/10,425,425,417,417,4000,417,1
2011/05/11,417,417,417,417,3000,417,1
2011/05/18,430,430,430,430,1000,430,1
2011/05/23,439,439,421,422,21000,422,1
2011/05/30,422,422,422,422,1000,422,1
2011/06/10,422,422,422,422,2000,422,1
2011/06/14,422,430,416,430,6000,430,1
2011/06/22,430,430,430,430,11000,430,1
2011/06/30,422,422,422,422,2000,422,1
2011/07/04,429,429,429,429,1000,429,1
2011/07/05,421,421,421,421,1000,421,1
2011/07/08,422,422,422,422,1000,422,1
2011/07/11,428,428,428,428,1000,428,1
2011/07/19,430,438,430,430,9000,430,1
2011/07/20,434,434,434,434,2000,434,1
2011/07/21,434,434,434,434,1000,434,1
2011/07/22,433,433,433,433,19000,433,1
2011/08/03,425,425,425,425,1000,425,1
2011/08/16,440,440,440,440,1000,440,1
2011/08/17,432,440,432,440,3000,440,1
2011/08/19,424,424,424,424,1000,424,1
2011/08/22,423,423,423,423,12000,423,1
2011/08/23,416,416,416,416,1000,416,1
2011/08/24,419,419,419,419,2000,419,1
2011/08/25,420,420,420,420,2000,420,1
2011/08/26,420,420,420,420,1000,420,1
2011/09/02,412,412,412,412,1000,412,1
2011/09/14,412,412,412,412,1000,412,1
2011/09/22,413,413,413,413,1000,413,1
2011/09/27,420,428,420,428,8000,428,1
2011/10/19,415,420,415,420,2000,420,1
2011/10/20,420,420,420,420,1000,420,1
2011/10/24,420,420,420,420,23000,420,1
2011/11/07,410,410,410,410,1000,410,1
2011/11/08,402,406,390,393,11000,393,1
2011/11/11,393,393,393,393,1000,393,1
2011/11/14,386,386,386,386,3000,386,1
2011/11/15,386,386,386,386,5000,386,1
2011/11/16,386,386,386,386,2000,386,1
2011/11/17,380,380,380,380,1000,380,1
2011/11/18,387,387,387,387,5000,387,1
2011/11/21,388,388,387,387,2000,387,1
2011/11/22,386,386,386,386,12000,386,1
2011/11/28,370,370,370,370,3000,370,1
2011/11/29,362,370,362,370,4000,370,1
2011/12/01,364,364,364,364,1000,364,1
2011/12/02,360,360,342,342,8000,342,1
2011/12/05,350,350,350,350,1000,350,1
2011/12/06,352,352,346,346,6000,346,1
2011/12/07,340,340,340,340,5000,340,1
2011/12/08,340,340,340,340,2000,340,1
2011/12/09,340,340,340,340,1000,340,1
2011/12/12,340,340,332,332,5000,332,1
2011/12/13,335,335,335,335,3000,335,1
2011/12/15,341,341,341,341,1000,341,1
2011/12/16,340,340,339,339,4000,339,1
2011/12/20,342,342,325,325,7000,325,1
2011/12/21,322,330,322,322,4000,322,1
2011/12/22,322,330,322,330,3000,330,1
2011/12/26,330,338,330,338,17000,338,1
2011/12/27,338,338,338,338,11000,338,1
2011/12/28,345,345,345,345,1000,345,1
2011/12/29,338,338,338,338,2000,338,1
2011/12/30,346,346,346,346,1000,346,1
2012/01/04,346,354,346,354,2000,354,1
2012/01/05,384,384,384,384,2000,384,1
2012/01/06,370,378,370,378,2000,378,1
2012/01/10,377,377,377,377,1000,377,1
2012/01/13,377,377,377,377,1000,377,1
2012/01/20,374,374,374,374,1000,374,1
2012/01/23,373,373,373,373,12000,373,1
2012/01/24,365,365,365,365,1000,365,1
2012/01/30,360,360,360,360,2000,360,1
2012/01/31,360,360,360,360,4000,360,1
2012/02/08,360,370,360,370,4000,370,1
2012/02/10,355,355,355,355,8000,355,1
2012/02/13,350,350,345,347,13000,347,1
2012/02/20,350,350,350,350,1000,350,1
2012/02/21,350,350,341,341,3000,341,1
2012/02/22,342,342,342,342,3000,342,1
2012/02/27,343,349,343,349,3000,349,1
2012/02/28,350,350,350,350,1000,350,1
2012/02/29,343,343,343,343,4000,343,1
2012/03/01,345,345,345,345,2000,345,1
2012/03/02,345,345,345,345,2000,345,1
2012/03/05,345,353,345,353,2000,353,1
2012/03/06,359,364,359,364,2000,364,1
2012/03/07,365,365,365,365,1000,365,1
2012/03/12,357,370,356,370,6000,370,1
2012/03/16,354,370,354,370,8000,370,1
2012/03/21,362,362,354,354,15000,354,1
2012/03/22,354,354,346,346,26000,346,1
2012/03/23,359,359,359,359,1000,359,1
2012/03/28,346,346,346,346,1000,346,1
2012/03/29,346,346,346,346,1000,346,1
2012/04/02,346,346,346,346,1000,346,1
2012/04/03,347,347,347,347,1000,347,1
2012/04/05,346,346,346,346,1000,346,1
2012/04/06,335,335,335,335,20000,335,1
2012/04/13,335,350,335,350,2000,350,1
2012/04/20,350,350,350,350,1000,350,1
2012/04/23,349,349,349,349,12000,349,1
2012/05/08,340,340,340,340,1000,340,1
2012/05/15,343,343,343,343,1000,343,1
2012/05/18,343,343,343,343,1000,343,1
2012/05/21,336,337,328,337,14000,337,1
2012/05/22,337,337,337,337,12000,337,1
2012/05/24,334,334,334,334,1000,334,1
2012/06/07,330,330,330,330,2000,330,1
2012/06/11,335,335,335,335,1000,335,1
2012/06/19,341,341,341,341,1000,341,1
2012/06/21,345,345,341,341,3000,341,1
2012/06/22,339,339,339,339,13000,339,1
2012/06/26,331,331,331,331,6000,331,1
2012/07/03,335,335,335,335,1000,335,1
2012/07/04,338,346,338,346,2000,346,1
2012/07/05,339,339,339,339,1000,339,1
2012/07/06,340,340,340,340,1000,340,1
2012/07/10,337,337,336,337,3000,337,1
2012/07/12,334,334,334,334,2000,334,1
2012/07/20,338,340,338,340,2000,340,1
2012/07/23,339,339,339,339,20000,339,1
2012/08/01,331,331,331,331,1000,331,1
2012/08/03,323,325,323,324,3000,324,1
2012/08/15,330,330,330,330,1000,330,1
2012/08/20,335,335,328,328,9000,328,1
2012/08/22,329,331,321,321,17000,321,1
2012/08/24,315,315,315,315,9000,315,1
2012/08/27,316,316,316,316,2000,316,1
2012/08/28,308,315,308,309,21000,309,1
2012/08/30,307,307,297,297,10000,297,1
2012/09/06,295,295,291,291,13000,291,1
2012/09/10,295,295,295,295,1000,295,1
2012/09/12,295,295,295,295,1000,295,1
2012/09/13,295,295,295,295,2000,295,1
2012/09/14,295,295,287,293,4000,293,1
2012/09/18,317,317,317,317,2000,317,1
2012/09/19,302,310,302,310,3000,310,1
2012/09/20,307,307,307,307,2000,307,1
2012/09/21,304,309,304,309,2000,309,1
2012/09/24,308,308,308,308,16000,308,1
2012/09/25,313,313,313,313,1000,313,1
2012/09/26,309,309,309,309,1000,309,1
2012/09/27,309,309,309,309,1000,309,1
2012/09/28,314,314,306,306,2000,306,1
2012/10/01,306,306,306,306,1000,306,1
2012/10/02,306,306,306,306,2000,306,1
2012/10/03,306,306,298,298,4000,298,1
2012/10/04,302,302,302,302,1000,302,1
2012/10/18,294,305,294,305,11000,305,1
2012/10/22,303,303,303,303,14000,303,1
2012/11/20,300,300,300,300,1000,300,1
2012/11/21,292,294,292,294,4000,294,1
2012/11/22,294,294,294,294,13000,294,1
2012/12/07,294,294,294,294,1000,294,1
2012/12/10,270,275,270,275,2000,275,1
2012/12/11,290,290,282,282,5000,282,1
2012/12/13,277,277,277,277,1000,277,1
2012/12/14,280,280,280,280,1000,280,1
2012/12/17,281,281,281,281,1000,281,1
2012/12/18,282,288,281,288,5000,288,1
2012/12/20,288,288,288,288,1000,288,1
2012/12/21,283,283,274,274,6000,274,1
2012/12/25,274,274,268,268,20000,268,1
2012/12/26,266,266,258,259,10000,259,1
2012/12/27,261,261,256,256,13000,256,1
2013/01/04,266,269,266,269,2000,269,1
2013/01/07,274,274,274,274,2000,274,1
2013/01/08,266,266,261,261,5000,261,1
2013/01/09,259,260,259,260,13000,260,1
2013/01/10,263,278,263,278,7000,278,1
2013/01/11,270,270,270,270,24000,270,1
2013/01/17,270,276,270,276,2000,276,1
2013/01/18,276,277,276,277,2000,277,1
2013/01/21,276,277,276,277,4000,277,1
2013/01/22,276,276,276,276,15000,276,1
2013/01/28,276,276,263,270,15000,270,1
2013/01/29,266,266,266,266,1000,266,1
2013/02/01,266,266,266,266,3000,266,1
2013/02/06,270,270,270,270,1000,270,1
2013/02/07,271,271,271,271,1000,271,1
2013/02/08,275,275,275,275,4000,275,1
2013/02/12,275,275,275,275,1000,275,1
2013/02/13,271,271,270,270,2000,270,1
2013/02/18,262,263,262,263,12000,263,1
2013/02/20,265,268,265,268,3000,268,1
2013/02/22,268,268,268,268,17000,268,1
2013/02/26,265,266,265,266,2000,266,1
2013/02/28,270,271,270,271,3000,271,1
2013/03/05,263,267,263,264,22000,264,1
2013/03/06,268,268,268,268,1000,268,1
2013/03/07,268,268,268,268,1000,268,1
2013/03/08,269,274,269,274,9000,274,1
2013/03/11,271,271,271,271,1000,271,1
2013/03/13,274,274,274,274,5000,274,1
2013/03/14,280,280,280,280,1000,280,1
2013/03/18,280,280,272,272,9000,272,1
2013/03/19,272,272,272,272,1000,272,1
2013/03/21,275,275,274,274,2000,274,1
2013/03/22,273,274,273,274,18000,274,1
2013/03/25,274,274,274,274,3000,274,1
2013/03/26,273,273,273,273,2000,273,1
2013/03/27,270,270,270,270,1000,270,1
2013/03/29,262,262,262,262,1000,262,1
2013/04/01,263,263,263,263,1000,263,1
2013/04/05,266,266,266,266,1000,266,1
2013/04/08,260,260,260,260,1000,260,1
2013/04/10,275,283,275,283,3000,283,1
2013/04/11,276,276,276,276,3000,276,1
2013/04/12,275,275,275,275,1000,275,1
2013/04/15,275,288,275,288,5000,288,1
2013/04/16,268,268,266,266,2000,266,1
2013/04/18,269,269,264,265,8000,265,1
2013/04/19,269,269,269,269,2000,269,1
2013/04/22,272,279,270,270,5000,270,1
2013/04/23,271,271,271,271,12000,271,1
2013/04/24,272,272,272,272,7000,272,1
2013/04/25,272,272,268,269,20000,269,1
2013/04/26,270,270,270,270,3000,270,1
2013/04/30,269,270,269,269,3000,269,1
2013/05/01,270,270,268,269,5000,269,1
2013/05/02,270,270,270,270,3000,270,1
2013/05/07,270,280,270,279,11000,279,1
2013/05/09,277,279,277,279,5000,279,1
2013/05/10,280,280,279,279,8000,279,1
2013/05/13,280,280,271,271,29000,271,1
2013/05/14,271,280,271,280,22000,280,1
2013/05/17,276,276,276,276,1000,276,1
2013/05/20,277,277,274,274,6000,274,1
2013/05/21,276,276,275,275,3000,275,1
2013/05/22,276,276,275,275,3000,275,1
2013/05/23,276,276,272,272,29000,272,1
2013/05/24,272,272,272,272,1000,272,1
2013/05/27,270,271,270,270,3000,270,1
2013/05/28,272,272,272,272,1000,272,1
2013/05/31,272,272,272,272,2000,272,1
2013/06/04,270,270,269,269,7000,269,1
2013/06/07,269,269,258,258,15000,258,1
2013/06/10,263,263,263,263,1000,263,1
2013/06/13,263,263,263,263,2000,263,1
2013/06/14,262,271,262,271,14000,271,1
2013/06/17,255,262,255,262,23000,262,1
2013/06/18,263,263,263,263,1000,263,1
2013/06/19,262,264,259,264,5000,264,1
2013/06/20,264,273,264,273,5000,273,1
2013/06/21,265,265,265,265,1000,265,1
2013/06/24,265,265,256,258,35000,258,1
2013/06/25,257,257,257,257,3000,257,1
2013/06/26,258,258,258,258,1000,258,1
2013/07/01,258,258,258,258,1000,258,1
2013/07/02,259,260,258,260,4000,260,1
2013/07/03,258,261,258,261,3000,261,1
2013/07/05,263,263,263,263,2000,263,1
2013/07/08,265,265,265,265,10000,265,1
2013/07/09,265,266,265,266,3000,266,1
2013/07/11,269,269,269,269,1000,269,1
2013/07/18,272,272,270,272,4000,272,1
2013/07/19,272,274,272,274,6000,274,1
2013/07/22,273,274,270,274,25000,274,1
2013/07/25,267,267,267,267,1000,267,1
2013/07/26,275,275,275,275,1000,275,1
2013/07/31,274,274,274,274,1000,274,1
2013/08/05,275,275,275,275,1000,275,1
2013/08/07,277,277,277,277,1000,277,1
2013/08/09,277,277,277,277,1000,277,1
2013/08/20,275,275,267,272,5000,272,1
2013/08/22,272,272,272,272,15000,272,1
2013/08/28,269,269,269,269,1000,269,1
2013/08/29,272,272,272,272,2000,272,1
2013/09/02,272,272,268,268,2000,268,1
2013/09/03,271,271,271,271,1000,271,1
2013/09/04,272,272,271,271,3000,271,1
2013/09/05,271,271,271,271,1000,271,1
2013/09/06,271,271,271,271,1000,271,1
2013/09/09,272,272,272,272,1000,272,1
2013/09/10,272,272,272,272,1000,272,1
2013/09/11,273,273,273,273,1000,273,1
2013/09/17,276,276,276,276,1000,276,1
2013/09/18,275,275,275,275,3000,275,1
2013/09/19,278,278,278,278,2000,278,1
2013/09/20,277,277,277,277,1000,277,1
2013/09/24,276,276,274,276,27000,276,1
2013/09/25,276,277,276,277,4000,277,1
2013/09/26,277,277,277,277,1000,277,1
2013/09/30,277,277,277,277,1000,277,1
2013/10/02,272,272,271,271,3000,271,1
2013/10/04,270,270,262,262,7000,262,1
2013/10/07,263,270,263,269,3000,269,1
2013/10/08,264,264,264,264,1000,264,1
2013/10/17,272,272,272,272,1000,272,1
2013/10/18,272,272,265,268,8000,268,1
2013/10/21,272,272,272,272,4000,272,1
2013/10/22,272,272,271,271,20000,271,1
2013/10/23,271,271,271,271,3000,271,1
2013/10/24,272,272,272,272,2000,272,1
2013/10/29,273,276,273,276,3000,276,1
2013/10/30,272,272,270,270,9000,270,1
2013/11/01,270,270,269,269,3000,269,1
2013/11/05,274,274,274,274,1000,274,1
2013/11/06,268,268,268,268,1000,268,1
2013/11/08,271,271,271,271,1000,271,1
2013/11/11,271,271,271,271,5000,271,1
2013/11/12,271,272,271,272,3000,272,1
2013/11/13,274,274,274,274,2000,274,1
2013/11/14,273,273,272,272,5000,272,1
2013/11/15,272,273,272,273,2000,273,1
2013/11/18,273,273,273,273,1000,273,1
2013/11/19,274,274,274,274,1000,274,1
2013/11/20,274,274,274,274,1000,274,1
2013/11/21,277,279,276,276,4000,276,1
2013/11/22,277,277,276,276,20000,276,1
2013/11/25,276,276,275,275,5000,275,1
2013/11/27,280,280,279,279,6000,279,1
2013/12/03,277,277,269,272,13000,272,1
2013/12/04,270,270,270,270,10000,270,1
2013/12/05,272,273,272,273,3000,273,1
2013/12/06,273,273,270,270,2000,270,1
2013/12/09,272,274,272,274,4000,274,1
2013/12/10,272,273,272,272,7000,272,1
2013/12/11,274,277,274,277,6000,277,1
2013/12/12,277,277,274,274,5000,274,1
2013/12/13,272,272,272,272,4000,272,1
2013/12/16,276,276,276,276,5000,276,1
2013/12/17,278,279,278,279,3000,279,1
2013/12/18,279,285,275,278,15000,278,1
2013/12/19,280,285,278,285,6000,285,1
2013/12/20,284,286,281,281,9000,281,1
2013/12/24,281,285,281,281,17000,281,1
2013/12/25,281,282,265,278,35000,278,1
2013/12/26,274,274,274,274,1000,274,1
2013/12/27,279,283,275,283,7000,283,1
2013/12/30,283,290,283,290,5000,290,1
2014/01/06,297,297,296,296,2000,296,1
2014/01/07,297,300,297,300,3000,300,1
2014/01/08,297,297,295,295,6000,295,1
2014/01/09,292,292,292,292,1000,292,1
2014/01/10,297,297,297,297,21000,297,1
2014/01/14,302,302,302,302,1000,302,1
2014/01/15,302,302,302,302,4000,302,1
2014/01/16,302,315,302,310,16000,310,1
2014/01/17,317,317,317,317,2000,317,1
2014/01/20,317,318,317,318,2000,318,1
2014/01/21,320,322,320,322,3000,322,1
2014/01/22,325,340,324,324,6000,324,1
2014/01/23,328,328,326,326,2000,326,1
2014/01/24,328,328,320,320,18000,320,1
2014/01/27,302,310,302,310,3000,310,1
2014/01/29,321,340,316,330,10000,330,1
2014/01/30,330,330,330,330,1000,330,1
2014/01/31,314,328,314,328,4000,328,1
2014/02/04,319,320,319,320,3000,320,1
2014/02/05,312,312,312,312,1000,312,1
2014/02/12,315,319,315,319,2000,319,1
2014/02/14,316,316,316,316,6000,316,1
2014/02/17,315,315,315,315,1000,315,1
2014/02/20,315,318,315,318,4000,318,1
2014/02/21,318,318,318,318,2000,318,1
2014/02/24,324,324,320,320,2000,320,1
2014/02/25,320,323,320,323,4000,323,1
2014/02/26,323,330,323,323,8000,323,1
2014/02/27,323,323,323,323,1000,323,1
2014/02/28,323,323,323,323,3000,323,1
2014/03/04,316,316,316,316,4000,316,1
2014/03/05,324,324,324,324,1000,324,1
2014/03/06,325,325,325,325,1000,325,1
2014/03/13,333,333,333,333,1000,333,1
2014/03/14,334,334,320,320,4000,320,1
2014/03/18,328,328,328,328,1000,328,1
2014/03/19,329,329,329,329,1000,329,1
2014/03/20,323,323,315,315,6000,315,1
2014/03/24,319,327,319,320,7000,320,1
2014/03/25,324,329,324,329,6000,329,1
2014/03/26,329,329,329,329,11000,329,1
2014/03/27,328,335,320,320,10000,320,1
2014/04/01,312,312,312,312,1000,312,1
2014/04/02,320,320,320,320,1000,320,1
2014/04/03,320,327,320,327,2000,327,1
2014/04/09,318,318,306,306,4000,306,1
2014/04/10,306,314,306,314,2000,314,1
2014/04/11,319,319,319,319,1000,319,1
2014/04/17,312,320,312,320,2000,320,1
2014/04/18,324,324,324,324,1000,324,1
2014/04/21,323,323,322,322,2000,322,1
2014/04/22,322,322,322,322,11000,322,1
2014/05/02,319,319,319,319,1000,319,1
2014/05/08,303,308,303,305,3000,305,1
2014/05/09,297,297,297,297,3000,297,1
2014/05/12,305,305,305,305,2000,305,1
2014/05/13,309,309,295,295,6000,295,1
2014/05/16,300,300,300,300,1000,300,1
2014/05/19,305,305,305,305,2000,305,1
2014/05/20,305,305,305,305,1000,305,1
2014/05/21,305,305,304,304,3000,304,1
2014/05/22,306,310,306,310,3000,310,1
2014/05/23,310,310,310,310,14000,310,1
2014/05/26,302,302,302,302,2000,302,1
2014/06/02,302,302,302,302,2000,302,1
2014/06/03,301,301,301,301,1000,301,1
2014/06/04,304,304,304,304,1000,304,1
2014/06/05,301,301,301,301,1000,301,1
2014/06/09,303,320,303,320,11000,320,1
2014/06/13,320,320,320,320,1000,320,1
2014/06/16,339,339,338,338,4000,338,1
2014/06/17,322,322,322,322,5000,322,1
2014/06/19,325,325,323,323,2000,323,1
2014/06/20,328,328,328,328,1000,328,1
2014/06/23,328,335,328,335,9000,335,1
2014/06/24,335,335,335,335,9000,335,1
2014/07/03,327,327,327,327,6000,327,1
2014/07/09,326,326,326,326,3000,326,1
2014/07/11,331,331,324,324,3000,324,1
2014/07/14,329,329,329,329,1000,329,1
2014/07/18,330,334,329,334,4000,334,1
2014/07/22,334,334,334,334,6000,334,1
2014/07/23,335,335,335,335,1000,335,1
2014/07/24,335,335,335,335,13000,335,1
2014/07/28,323,323,320,320,2000,320,1
2014/07/29,325,325,325,325,1000,325,1
2014/07/30,335,335,335,335,1000,335,1
2014/08/04,335,335,332,332,2000,332,1
2014/08/05,326,326,326,326,1000,326,1
2014/08/06,326,326,321,321,6000,321,1
2014/08/07,321,321,320,320,5000,320,1
2014/08/19,330,335,330,335,9000,335,1
2014/08/20,335,345,335,345,2000,345,1
2014/08/21,342,345,342,345,3000,345,1
2014/08/22,346,346,345,345,14000,345,1
2014/09/01,348,348,348,348,1000,348,1
2014/09/03,339,339,339,339,1000,339,1
2014/09/05,331,331,331,331,2000,331,1
2014/09/09,326,326,326,326,1000,326,1
2014/09/11,330,330,330,330,3000,330,1
2014/09/16,330,330,330,330,5000,330,1
2014/09/17,330,330,330,330,5000,330,1
2014/09/19,335,335,333,333,4000,333,1
2014/09/22,333,333,333,333,12000,333,1
2014/09/30,333,333,333,333,1000,333,1
2014/10/08,341,341,341,341,1000,341,1
2014/10/09,338,338,331,331,2000,331,1
2014/10/21,332,333,332,333,2000,333,1
2014/10/22,333,333,333,333,10000,333,1
2014/10/23,333,333,333,333,1000,333,1
2014/11/04,333,333,333,333,1000,333,1
2014/11/10,324,324,324,324,1000,324,1
2014/11/14,320,320,320,320,1000,320,1
2014/11/17,320,320,308,308,4000,308,1
2014/11/18,323,324,323,324,2000,324,1
2014/11/20,326,326,326,326,1000,326,1
2014/11/21,326,326,320,320,6000,320,1
2014/11/25,321,324,321,324,2000,324,1
2014/11/26,325,325,325,325,1000,325,1
2014/11/27,330,331,325,331,12000,331,1
2014/11/28,331,331,330,330,12000,330,1
2014/12/01,329,329,329,329,1000,329,1
2014/12/02,329,329,320,320,8000,320,1
2014/12/03,322,322,322,322,1000,322,1
2014/12/05,329,329,325,325,2000,325,1
2014/12/09,329,329,326,326,2000,326,1
2014/12/10,326,326,325,325,4000,325,1
2014/12/11,331,331,331,331,1000,331,1
2014/12/15,330,330,322,322,16000,322,1
2014/12/16,323,323,323,323,1000,323,1
2014/12/17,325,325,325,325,2000,325,1
2014/12/18,325,325,321,325,5000,325,1
2014/12/19,326,330,326,330,5000,330,1
2014/12/22,329,329,320,320,20000,320,1
2014/12/30,327,327,327,327,1000,327,1
2015/01/07,327,327,327,327,1000,327,1
2015/01/08,332,332,331,331,2000,331,1
2015/01/14,331,331,331,331,1000,331,1
2015/01/16,331,331,331,331,1000,331,1
2015/01/19,330,331,330,331,2000,331,1
2015/01/21,330,333,330,333,3000,333,1
2015/01/22,333,333,333,333,12000,333,1
2015/01/23,334,334,334,334,1000,334,1
2015/01/27,334,334,334,334,1000,334,1
2015/02/03,339,339,339,339,1000,339,1
2015/02/09,338,338,338,338,1000,338,1
2015/02/13,338,338,323,325,5000,325,1
2015/02/16,335,335,335,335,1000,335,1
2015/02/17,348,348,336,336,2000,336,1
2015/02/18,342,348,342,348,2000,348,1
2015/02/19,348,348,348,348,2000,348,1
2015/02/20,342,348,342,348,3000,348,1
2015/02/23,348,350,348,348,6000,348,1
2015/02/26,349,360,349,360,4000,360,1
2015/02/27,365,370,362,362,3000,362,1
2015/03/02,370,370,370,370,1000,370,1
2015/03/03,370,370,351,351,7000,351,1
2015/03/04,357,357,357,357,2000,357,1
2015/03/05,357,357,357,357,2000,357,1
2015/03/06,359,359,359,359,1000,359,1
2015/03/10,360,360,353,353,3000,353,1
2015/03/12,375,375,365,365,2000,365,1
2015/03/13,368,368,360,360,3000,360,1
2015/03/16,360,380,360,380,5000,380,1
2015/03/17,380,390,374,389,7000,389,1
2015/03/18,389,389,378,382,7000,382,1
2015/03/19,382,385,382,385,2000,385,1
2015/03/20,390,390,385,390,3000,390,1
2015/03/23,390,390,390,390,5000,390,1
2015/03/24,391,391,391,391,1000,391,1
2015/03/25,391,403,391,403,4000,403,1
2015/03/26,403,403,403,403,5000,403,1
2015/03/27,374,378,360,360,6000,360,1
2015/03/30,360,360,360,360,1000,360,1
2015/03/31,372,372,372,372,1000,372,1
2015/04/01,372,372,372,372,1000,372,1
2015/04/02,372,372,372,372,1000,372,1
2015/04/03,375,375,375,375,1000,375,1
2015/04/06,380,381,380,381,2000,381,1
2015/04/07,397,397,397,397,1000,397,1
2015/04/08,400,400,400,400,1000,400,1
2015/04/09,400,400,400,400,1000,400,1
2015/04/10,400,400,400,400,1000,400,1
2015/04/13,432,432,431,431,2000,431,1
2015/04/14,400,400,400,400,1000,400,1
2015/04/15,448,465,417,421,14000,421,1
2015/04/16,445,460,445,449,7000,449,1
2015/04/17,441,441,441,441,1000,441,1
2015/04/20,435,435,435,435,2000,435,1
2015/04/22,437,443,437,443,2000,443,1
2015/04/23,443,443,443,443,2000,443,1
2015/04/24,443,443,443,443,6000,443,1
2015/04/27,443,443,443,443,3000,443,1
2015/05/07,435,435,435,435,1000,435,1
2015/05/11,430,435,430,430,7000,430,1
2015/05/12,423,423,423,423,2000,423,1
2015/05/13,429,429,429,429,2000,429,1
2015/05/18,421,421,421,421,1000,421,1
2015/05/19,421,421,415,415,4000,415,1
2015/05/20,417,417,417,417,3000,417,1
2015/05/21,424,424,424,424,2000,424,1
2015/05/22,424,424,424,424,11000,424,1
2015/05/25,429,429,429,429,1000,429,1
2015/05/29,429,429,429,429,1000,429,1
2015/06/01,429,429,429,429,1000,429,1
2015/06/02,429,429,413,413,2000,413,1
2015/06/03,413,413,413,413,2000,413,1
2015/06/04,419,419,419,419,1000,419,1
2015/06/05,425,425,425,425,1000,425,1
2015/06/08,470,472,470,472,3000,472,1
2015/06/09,472,472,435,440,8000,440,1
2015/06/10,435,435,431,431,4000,431,1
2015/06/11,438,438,428,428,3000,428,1
2015/06/12,435,435,425,425,5000,425,1
2015/06/16,431,431,431,431,1000,431,1
2015/06/17,431,431,431,431,1000,431,1
2015/06/18,435,435,435,435,1000,435,1
2015/06/19,435,435,430,430,3000,430,1
2015/06/22,430,431,430,431,12000,431,1
2015/06/23,430,430,430,430,3000,430,1
2015/06/24,434,434,429,429,2000,429,1
2015/06/25,429,430,429,430,2000,430,1
2015/06/26,430,430,430,430,1000,430,1
2015/06/29,430,430,430,430,1000,430,1
2015/06/30,430,430,430,430,1000,430,1
2015/07/01,427,430,425,425,3000,425,1
2015/07/02,409,415,409,415,1800,415,1
2015/07/03,415,415,415,415,100,415,1
2015/07/06,422,424,422,424,200,424,1
2015/07/07,429,429,429,429,200,429,1
2015/07/08,429,430,427,430,300,430,1
2015/07/09,430,430,408,408,300,408,1
2015/07/10,420,429,420,429,500,429,1
2015/07/13,428,430,428,430,300,430,1
2015/07/14,430,435,430,435,5300,435,1
2015/07/15,435,442,435,440,3500,440,1
2015/07/16,440,440,439,439,2500,439,1
2015/07/17,440,473,439,450,6200,450,1
2015/07/21,450,450,445,450,6300,450,1
2015/07/22,450,450,450,450,13900,450,1
2015/07/23,426,431,415,419,13400,419,1
2015/07/24,411,411,400,403,13400,403,1
2015/07/27,410,412,393,400,8900,400,1
2015/07/28,400,401,400,401,2200,401,1
2015/07/29,401,405,401,405,700,405,1
2015/07/30,406,412,400,412,2100,412,1
2015/07/31,409,415,409,415,900,415,1
2015/08/03,415,417,415,415,300,415,1
2015/08/04,415,415,405,411,600,411,1
2015/08/05,416,416,408,414,600,414,1
2015/08/06,415,415,415,415,100,415,1
2015/08/07,414,414,388,388,1000,388,1
2015/08/10,389,391,384,384,7800,384,1
2015/08/11,381,381,370,372,8700,372,1
2015/08/12,371,406,368,370,7500,370,1
2015/08/13,372,380,366,380,3600,380,1
2015/08/14,379,383,375,383,1500,383,1
2015/08/17,383,383,383,383,200,383,1
2015/08/18,387,394,379,394,2100,394,1
2015/08/19,394,395,380,395,2500,395,1
2015/08/20,395,395,372,374,3700,374,1
2015/08/21,374,382,374,382,1800,382,1
2015/08/24,382,382,374,374,9600,374,1
2015/08/25,374,385,337,385,1400,385,1
2015/08/26,379,379,378,378,200,378,1
2015/08/27,389,389,365,365,300,365,1
2015/08/28,375,375,375,375,100,375,1
2015/08/31,386,386,370,378,4600,378,1
2015/09/01,378,378,362,362,1100,362,1
2015/09/02,370,370,370,370,100,370,1
2015/09/03,379,379,365,367,600,367,1
2015/09/04,367,379,367,375,1800,375,1
2015/09/07,386,386,362,362,400,362,1
2015/09/08,372,375,360,372,1100,372,1
2015/09/09,383,383,383,383,1300,383,1
2015/09/10,388,388,388,388,100,388,1
2015/09/11,388,390,388,390,300,390,1
2015/09/14,393,397,381,397,500,397,1
2015/09/15,397,397,397,397,100,397,1
2015/09/16,397,397,397,397,400,397,1
2015/09/17,397,407,397,407,900,407,1
2015/09/18,407,407,407,407,500,407,1
2015/09/24,407,407,400,400,8500,400,1
2015/09/25,400,400,400,400,200,400,1
2015/09/28,395,395,395,395,100,395,1
2015/09/29,395,395,395,395,100,395,1
2015/10/02,395,395,395,395,100,395,1
2015/10/09,387,387,370,378,1600,378,1
2015/10/13,378,380,378,380,200,380,1
2015/10/14,378,395,378,388,800,388,1
2015/10/15,380,380,361,380,2700,380,1
2015/10/16,380,380,380,380,800,380,1
2015/10/20,380,380,380,380,7000,380,1
2015/10/21,380,380,380,380,100,380,1
2015/10/22,380,380,380,380,9300,380,1
2015/10/23,376,376,368,368,800,368,1
2015/10/26,369,377,369,377,300,377,1
2015/11/04,377,377,377,377,100,377,1
2015/11/05,374,374,374,374,100,374,1
2015/11/06,366,371,366,371,1300,371,1
2015/11/09,363,363,363,363,2000,363,1
2015/11/10,363,365,363,365,200,365,1
2015/11/11,365,375,365,375,1200,375,1
2015/11/16,375,375,375,375,100,375,1
2015/11/17,373,373,365,370,1200,370,1
2015/11/18,372,385,372,381,2400,381,1
2015/11/19,388,389,382,382,900,382,1
2015/11/20,382,382,382,382,100,382,1
2015/11/24,382,384,380,380,10900,380,1
2015/11/25,380,380,380,380,100,380,1
2015/11/26,375,380,373,373,1200,373,1
2015/11/27,376,384,376,384,1200,384,1
2015/11/30,384,384,375,381,1600,381,1
2015/12/01,381,381,376,378,1200,378,1
2015/12/02,378,378,378,378,100,378,1
2015/12/03,378,378,378,378,100,378,1
2015/12/04,378,378,378,378,200,378,1
2015/12/07,378,384,378,379,900,379,1
2015/12/08,379,380,379,380,700,380,1
2015/12/09,380,380,380,380,500,380,1
2015/12/10,380,380,375,376,2200,376,1
2015/12/11,377,377,377,377,100,377,1
2015/12/14,380,380,380,380,500,380,1
2015/12/15,380,380,372,380,2600,380,1
2015/12/16,380,380,373,373,2100,373,1
2015/12/17,378,380,374,380,1900,380,1
2015/12/18,380,381,380,380,300,380,1
2015/12/21,385,388,380,381,2500,381,1
2015/12/22,381,387,381,387,8300,387,1
2015/12/24,387,388,387,388,1100,388,1
2015/12/25,388,388,388,388,700,388,1
2015/12/28,388,388,388,388,1300,388,1
2015/12/29,388,390,388,388,4600,388,1
2016/01/04,382,382,382,382,100,382,1
2016/01/06,381,420,380,416,1300,416,1
2016/01/07,416,416,384,388,900,388,1
2016/01/08,380,385,380,385,400,385,1
2016/01/12,382,382,382,382,100,382,1
2016/01/13,380,380,380,380,100,380,1
2016/01/14,380,388,380,388,200,388,1
2016/01/15,385,385,385,385,100,385,1
2016/01/18,381,384,381,381,400,381,1
2016/01/19,381,381,381,381,100,381,1
2016/01/20,384,391,381,381,2100,381,1
2016/01/21,383,388,383,386,500,386,1
2016/01/22,386,391,386,388,3900,388,1
2016/01/25,388,388,388,388,100,388,1
2016/01/26,389,394,389,394,1300,394,1
2016/01/27,394,395,394,394,8500,394,1
2016/01/29,391,391,391,391,100,391,1
2016/02/01,384,384,384,384,300,384,1
2016/02/02,384,384,384,384,100,384,1
2016/02/03,382,382,382,382,100,382,1
2016/02/04,381,381,357,368,2000,368,1
2016/02/05,365,365,361,361,800,361,1
2016/02/08,353,358,353,358,400,358,1
2016/02/09,361,361,361,361,300,361,1
2016/02/10,361,361,361,361,700,361,1
2016/02/22,365,378,365,378,4000,378,1
2016/02/23,380,381,380,381,2500,381,1
2016/02/24,381,382,381,382,4300,382,1
2016/02/25,382,382,382,382,100,382,1
2016/02/26,382,386,382,382,700,382,1
2016/02/29,376,398,376,383,1200,383,1
2016/03/02,383,383,383,383,100,383,1
2016/03/03,380,380,380,380,100,380,1
2016/03/04,378,378,378,378,100,378,1
2016/03/07,378,382,378,382,200,382,1
2016/03/10,382,382,382,382,100,382,1
2016/03/11,386,386,386,386,100,386,1
2016/03/14,390,400,389,400,1600,400,1
2016/03/15,392,392,392,392,200,392,1
2016/03/16,396,396,396,396,900,396,1
2016/03/17,400,417,400,414,1300,414,1
2016/03/18,414,414,410,410,1300,410,1
2016/03/22,410,420,410,420,3200,420,1
2016/03/23,420,433,420,430,4300,430,1
2016/03/24,435,443,430,443,1700,443,1
2016/03/25,443,446,443,446,4200,446,1
2016/03/28,446,447,446,446,1800,446,1
2016/03/29,401,409,401,408,1600,408,1
2016/03/30,408,413,408,413,300,413,1
2016/03/31,405,405,403,403,600,403,1
2016/04/05,403,403,403,403,100,403,1
2016/04/11,397,397,395,397,300,397,1
2016/04/14,401,410,401,410,1000,410,1
2016/04/18,412,412,412,412,100,412,1
2016/04/19,417,420,416,420,1600,420,1
2016/04/20,420,424,415,420,2400,420,1
2016/04/21,424,430,420,430,6300,430,1
2016/04/22,430,431,430,430,13600,430,1
2016/04/28,430,430,430,430,900,430,1
2016/05/02,398,399,386,389,4200,389,1
2016/05/06,390,390,389,390,1600,390,1
2016/05/09,387,390,387,390,2000,390,1
2016/05/10,390,390,388,388,2000,388,1
2016/05/11,388,388,388,388,800,388,1
2016/05/16,389,389,389,389,100,389,1
2016/05/17,389,389,389,389,500,389,1
2016/05/18,389,390,389,390,1400,390,1
2016/05/19,390,397,389,395,10000,395,1
2016/05/20,395,399,395,399,1900,399,1
2016/05/23,390,390,387,390,8900,390,1
2016/05/24,389,389,389,389,100,389,1
2016/05/30,390,390,389,389,200,389,1
2016/05/31,389,389,389,389,100,389,1
2016/06/01,389,389,389,389,300,389,1
2016/06/02,389,389,389,389,700,389,1
2016/06/03,389,389,389,389,200,389,1
2016/06/06,389,389,389,389,1100,389,1
2016/06/07,389,389,389,389,200,389,1
2016/06/08,389,389,389,389,700,389,1
2016/06/10,389,389,389,389,400,389,1
2016/06/13,383,383,383,383,1000,383,1
2016/06/14,380,380,370,370,1300,370,1
2016/06/15,374,383,374,383,400,383,1
2016/06/17,384,384,381,381,600,381,1
2016/06/20,385,390,385,390,1300,390,1
2016/06/21,385,385,385,385,1000,385,1
2016/06/22,385,385,385,385,8500,385,1
2016/06/23,384,384,384,384,500,384,1
2016/06/24,383,383,380,380,600,380,1
2016/06/30,380,380,380,380,100,380,1
2016/07/04,381,381,381,381,100,381,1
2016/07/08,380,380,380,380,600,380,1
2016/07/11,384,384,384,384,100,384,1
2016/07/14,388,388,370,376,3200,376,1
2016/07/15,380,390,380,390,5300,390,1
2016/07/19,385,385,385,385,2100,385,1
2016/07/20,389,391,389,390,300,390,1
2016/07/21,394,403,394,395,3200,395,1
2016/07/22,403,409,399,409,8800,409,1
2016/07/25,409,409,409,409,15900,409,1
2016/07/26,393,393,390,390,300,390,1
2016/08/08,377,377,377,377,1000,377,1
2016/08/09,381,381,381,381,100,381,1
2016/08/15,385,385,385,385,100,385,1
2016/08/18,389,397,389,392,400,392,1
2016/08/19,396,396,396,396,100,396,1
2016/08/22,400,400,400,400,300,400,1
2016/08/23,404,410,400,409,5000,409,1
2016/08/24,409,410,409,409,7800,409,1
2016/08/25,409,409,409,409,1000,409,1
2016/08/30,395,395,393,393,300,393,1
2016/09/12,385,385,385,385,100,385,1
2016/09/13,389,389,389,389,100,389,1
2016/09/15,397,400,397,400,1300,400,1
2016/09/16,395,395,393,393,1900,393,1
2016/09/20,395,395,393,393,7800,393,1
2016/09/21,393,393,390,390,400,390,1
2016/09/23,390,394,390,394,3900,394,1
2016/09/26,390,390,390,390,6600,390,1
2016/09/27,385,385,385,385,6000,385,1
2016/09/28,385,385,385,385,1000,385,1
2016/10/04,389,389,389,389,1000,389,1
2016/10/06,388,388,383,383,3700,383,1
2016/10/11,380,380,380,380,1400,380,1
2016/10/13,380,380,380,380,1000,380,1
2016/10/17,381,381,381,381,100,381,1
2016/10/19,381,381,381,381,1000,381,1
2016/10/20,386,386,386,386,1200,386,1
2016/10/21,389,392,389,392,7200,392,1
2016/10/24,392,396,392,396,11300,396,1
2016/10/25,389,389,388,388,300,388,1
2016/10/26,388,388,388,388,2500,388,1
2016/10/27,388,388,388,388,1100,388,1
2016/10/28,388,398,388,393,900,393,1
2016/10/31,393,393,386,386,2200,386,1
2016/11/01,386,387,386,387,300,387,1
2016/11/02,387,387,387,387,200,387,1
2016/11/07,387,387,387,387,100,387,1
2016/11/08,387,387,387,387,200,387,1
2016/11/09,388,388,381,381,1400,381,1
2016/11/10,381,398,381,390,3200,390,1
2016/11/11,391,393,391,393,200,393,1
2016/11/14,397,440,392,440,2300,440,1
2016/11/15,411,411,400,400,1400,400,1
2016/11/16,404,407,404,406,500,406,1
2016/11/17,406,408,406,408,400,408,1
2016/11/18,408,408,408,408,200,408,1
2016/11/21,416,416,409,416,1800,416,1
2016/11/22,416,425,416,416,9900,416,1
2016/11/28,415,415,410,410,1100,410,1
2016/11/29,410,411,410,411,2300,411,1
2016/11/30,408,408,408,408,2200,408,1
2016/12/02,409,415,405,408,3900,408,1
2016/12/05,409,415,409,411,700,411,1
2016/12/06,410,411,410,411,1600,411,1
2016/12/07,411,411,411,411,1100,411,1
2016/12/08,411,411,411,411,1800,411,1
2016/12/09,408,411,408,411,1200,411,1
2016/12/12,414,414,410,411,1100,411,1
2016/12/14,415,415,412,412,500,412,1
2016/12/15,415,415,412,412,300,412,1
2016/12/16,420,420,405,407,12500,407,1
2016/12/19,409,415,407,409,2300,409,1
2016/12/20,414,415,410,411,1100,411,1
2016/12/21,416,416,411,411,1300,411,1
2016/12/22,412,417,412,417,4800,417,1
2016/12/26,417,417,410,415,14000,415,1
2016/12/27,415,415,400,400,3000,400,1
2016/12/28,401,402,400,400,600,400,1
2016/12/29,401,402,401,401,700,401,1
2016/12/30,401,418,401,403,2300,403,1
2017/01/04,404,418,404,405,5500,405,1
2017/01/05,406,406,405,405,2200,405,1
2017/01/06,409,409,405,405,300,405,1
2017/01/10,407,408,407,407,900,407,1
2017/01/11,407,411,407,407,500,407,1
2017/01/12,412,412,407,407,500,407,1
2017/01/13,408,409,405,407,4000,407,1
2017/01/16,408,408,407,407,400,407,1
2017/01/18,408,414,408,410,600,410,1
2017/01/19,409,411,409,410,2300,410,1
2017/01/20,417,417,413,415,1100,415,1
2017/01/23,415,420,415,415,10600,415,1
2017/01/25,420,420,415,420,1600,420,1
2017/01/31,420,420,413,415,700,415,1
2017/02/01,418,418,417,418,1500,418,1
2017/02/02,411,411,410,410,6000,410,1
2017/02/03,416,420,416,420,800,420,1
2017/02/06,428,430,422,422,1800,422,1
2017/02/07,416,416,416,416,600,416,1
2017/02/08,416,416,416,416,1200,416,1
2017/02/09,432,432,416,416,3200,416,1
2017/02/13,424,424,418,418,500,418,1
2017/02/15,423,423,421,421,500,421,1
2017/02/16,425,427,421,422,4600,422,1
2017/02/17,422,424,420,420,1500,420,1
2017/02/20,422,423,422,423,400,423,1
2017/02/21,423,423,422,422,2400,422,1
2017/02/22,423,427,422,427,15000,427,1
2017/02/23,428,428,423,425,15600,425,1
2017/02/24,425,425,425,425,500,425,1
2017/02/27,425,430,425,426,2700,426,1
2017/02/28,426,430,426,426,1500,426,1
2017/03/01,430,431,426,426,5300,426,1
2017/03/02,426,430,425,430,4000,430,1
2017/03/03,430,430,430,430,400,430,1
2017/03/06,434,439,430,432,1900,432,1
2017/03/07,433,436,427,432,4200,432,1
2017/03/08,433,439,433,438,5200,438,1
2017/03/09,438,439,432,439,4700,439,1
2017/03/10,435,440,435,440,3000,440,1
2017/03/13,435,442,435,442,4000,442,1
2017/03/14,440,442,440,440,1700,440,1
2017/03/15,440,445,440,443,2500,443,1
2017/03/16,443,455,443,448,7500,448,1
2017/03/17,448,452,448,448,2300,448,1
2017/03/21,456,460,449,453,3300,453,1
2017/03/22,453,465,453,460,5700,460,1
2017/03/23,460,496,460,461,20100,461,1
2017/03/24,469,473,461,470,11800,470,1
2017/03/27,471,490,470,489,5700,489,1
2017/03/28,489,495,480,489,9600,489,1
2017/03/29,444,461,430,451,22000,451,1
2017/03/30,458,458,438,438,3700,438,1
2017/03/31,436,436,430,430,3800,430,1
2017/04/03,430,430,425,425,300,425,1
2017/04/04,424,437,422,422,2900,422,1
2017/04/05,422,422,421,421,1700,421,1
2017/04/06,421,421,418,419,2600,419,1
2017/04/10,411,411,411,411,1000,411,1
2017/04/11,411,412,411,412,400,412,1
2017/04/12,413,413,412,412,500,412,1
2017/04/13,416,416,413,413,1200,413,1
2017/04/18,416,416,412,413,1900,413,1
2017/04/19,413,416,413,415,1200,415,1
2017/04/20,423,430,415,421,900,421,1
2017/04/21,421,428,417,417,4500,417,1
2017/04/24,420,432,420,424,4300,424,1
2017/04/25,421,421,421,421,9600,421,1
2017/04/26,421,427,421,427,2300,427,1
2017/04/27,428,429,422,427,2000,427,1
2017/04/28,416,421,416,421,1300,421,1
2017/05/01,421,421,421,421,200,421,1
2017/05/02,416,419,416,419,1000,419,1
2017/05/08,419,420,419,420,800,420,1
2017/05/10,420,423,420,420,1000,420,1
2017/05/12,422,424,420,420,1800,420,1
2017/05/15,422,422,421,421,400,421,1
2017/05/16,426,426,422,425,600,425,1
2017/05/17,425,427,422,423,2500,423,1
2017/05/18,425,430,424,430,2500,430,1
2017/05/19,434,434,431,433,600,433,1
2017/05/22,433,444,433,439,7500,439,1
2017/05/23,449,449,439,440,3600,440,1
2017/05/25,444,444,440,440,1500,440,1
2017/05/26,460,460,427,427,7000,427,1
2017/05/29,429,437,429,437,1600,437,1
2017/05/30,437,437,427,427,3600,427,1
2017/05/31,427,435,427,435,600,435,1
2017/06/01,435,437,435,437,300,437,1
2017/06/02,437,443,437,443,400,443,1
2017/06/05,445,445,435,443,600,443,1
2017/06/06,448,448,431,446,2300,446,1
2017/06/07,441,441,441,441,300,441,1
2017/06/08,441,443,432,443,2000,443,1
2017/06/09,445,447,443,446,800,446,1
2017/06/12,446,446,446,446,200,446,1
2017/06/13,438,441,435,435,1700,435,1
2017/06/15,436,436,436,436,400,436,1
2017/06/16,438,438,438,438,100,438,1
2017/06/19,441,441,441,441,100,441,1
2017/06/20,444,453,444,446,2500,446,1
2017/06/21,450,451,450,451,600,451,1
2017/06/22,456,468,452,468,4700,468,1
2017/06/23,468,468,468,468,7500,468,1
2017/06/26,463,463,460,460,1200,460,1
2017/06/27,458,458,458,458,100,458,1
2017/06/28,460,460,460,460,100,460,1
2017/06/29,460,460,448,448,1500,448,1
2017/06/30,477,481,454,454,4200,454,1
2017/07/03,456,456,456,456,100,456,1
2017/07/04,456,456,454,456,500,456,1
2017/07/05,458,458,450,452,600,452,1
2017/07/06,450,450,450,450,300,450,1
2017/07/11,455,455,455,455,100,455,1
2017/07/12,455,455,455,455,100,455,1
2017/07/13,455,455,448,448,400,448,1
2017/07/14,453,456,453,456,400,456,1
2017/07/18,459,466,457,464,2700,464,1
2017/07/19,469,474,469,474,900,474,1
2017/07/20,477,480,476,479,1800,479,1
2017/07/21,479,481,475,481,2300,481,1
2017/07/24,481,490,481,487,7300,487,1
2017/07/25,487,487,487,487,5600,487,1
2017/07/26,487,487,469,470,3500,470,1
2017/07/27,470,470,470,470,100,470,1
2017/07/31,470,470,470,470,300,470,1
2017/08/02,466,466,465,465,600,465,1
2017/08/03,466,466,466,466,100,466,1
2017/08/04,467,467,467,467,100,467,1
2017/08/07,476,476,468,468,1400,468,1
2017/08/08,468,468,464,464,1600,464,1
2017/08/09,464,472,461,472,1200,472,1
2017/08/10,471,471,471,471,100,471,1
2017/08/14,462,462,462,462,100,462,1
2017/08/15,466,472,462,472,1800,472,1
2017/08/16,480,484,471,471,1100,471,1
2017/08/18,478,478,476,478,1600,478,1
2017/08/21,480,485,480,485,1100,485,1
2017/08/22,486,492,485,486,7900,486,1
2017/08/23,486,486,486,486,5100,486,1
2017/08/24,486,486,472,478,1400,478,1
2017/08/25,473,473,472,472,600,472,1
2017/08/28,470,470,470,470,100,470,1
2017/08/29,472,472,470,470,200,470,1
2017/09/06,470,470,458,458,1100,458,1
2017/09/07,458,458,451,455,1600,455,1
2017/09/08,455,455,455,455,100,455,1
2017/09/11,456,456,456,456,100,456,1
2017/09/14,470,470,469,469,900,469,1
2017/09/20,477,490,477,490,1000,490,1
2017/09/21,490,494,486,490,3000,490,1
2017/09/22,490,491,490,490,7300,490,1
2017/09/29,477,477,467,467,900,467,1
2017/10/02,499,499,475,476,2700,476,1
2017/10/03,482,490,481,481,1600,481,1
2017/10/05,483,485,483,485,700,485,1
2017/10/06,489,489,489,489,1300,489,1
2017/10/10,489,490,489,490,1400,490,1
2017/10/11,495,495,495,495,300,495,1
2017/10/12,495,495,486,494,900,494,1
2017/10/13,486,486,485,485,700,485,1
2017/10/16,485,488,485,488,400,488,1
2017/10/17,489,491,488,491,1400,491,1
2017/10/18,490,492,489,492,1400,492,1
2017/10/20,494,499,494,499,1900,499,1
2017/10/23,499,499,499,499,7700,499,1
2017/10/25,491,491,489,489,600,489,1
2017/10/26,490,490,488,488,1200,488,1
2017/10/27,488,490,485,488,2300,488,1
2017/11/01,495,495,495,495,1200,495,1
2017/11/02,495,495,495,495,100,495,1
2017/11/06,495,495,495,495,100,495,1
2017/11/07,498,498,498,498,300,498,1
2017/11/08,498,498,493,493,1700,493,1
2017/11/09,490,490,490,490,1300,490,1
2017/11/13,498,498,498,498,200,498,1
2017/11/14,498,498,498,498,200,498,1
2017/11/20,499,510,499,510,3100,510,1
2017/11/21,518,518,505,506,4600,506,1
2017/11/22,506,510,506,510,2800,510,1
2017/11/24,511,511,510,510,8000,510,1
2017/11/28,524,524,514,514,1200,514,1
2017/11/30,511,511,510,510,1400,510,1
2017/12/01,500,501,492,492,4200,492,1
2017/12/04,492,495,491,491,1300,491,1
2017/12/05,495,495,479,486,14000,486,1
2017/12/06,489,489,481,483,1600,483,1
2017/12/07,484,489,484,485,1800,485,1
2017/12/08,485,487,483,483,1400,483,1
2017/12/11,484,485,484,484,1400,484,1
2017/12/12,489,489,481,481,4200,481,1
2017/12/13,482,482,482,482,1000,482,1
2017/12/14,487,489,481,482,1400,482,1
2017/12/15,482,488,482,482,2300,482,1
2017/12/18,489,489,484,485,1100,485,1
2017/12/19,487,490,486,487,5300,487,1
2017/12/20,494,495,488,488,2500,488,1
2017/12/21,491,498,490,490,9600,490,1
2017/12/22,491,500,491,500,5300,500,1
2017/12/25,500,525,491,491,18300,491,1
2017/12/26,491,492,486,486,2900,486,1
2017/12/27,487,492,486,492,1200,492,1
2017/12/28,499,499,489,489,4200,489,1
2017/12/29,492,492,486,486,1000,486,1
2018/01/04,494,495,487,488,2100,488,1
2018/01/05,488,488,488,488,1100,488,1
2018/01/09,488,514,488,493,3300,493,1
2018/01/10,494,494,491,492,1600,492,1
2018/01/11,500,508,492,492,3100,492,1
2018/01/12,493,496,493,495,1200,495,1
2018/01/15,495,516,495,505,5200,505,1
2018/01/16,500,505,500,502,4600,502,1
2018/01/17,502,502,501,501,1600,501,1
2018/01/18,503,508,503,508,3100,508,1
2018/01/19,508,508,506,507,2200,507,1
2018/01/22,507,513,507,513,5700,513,1
2018/01/23,513,513,503,503,4100,503,1
2018/01/24,504,518,504,506,2100,506,1
2018/01/25,506,507,503,503,1800,503,1
2018/01/26,503,508,502,503,2100,503,1
2018/01/29,511,529,506,508,7900,508,1
2018/01/30,510,608,510,608,28000,608,1
2018/01/31,708,708,708,708,23200,708,1
2018/02/01,798,858,790,858,588800,858,1
2018/02/02,1008,1008,811,833,971800,833,1
2018/02/05,749,810,708,793,268200,793,1
2018/02/06,710,729,643,699,129200,699,1
2018/02/07,724,795,697,748,183500,748,1
2018/02/08,733,745,630,640,99700,640,1
2018/02/09,608,635,573,635,108400,635,1
2018/02/13,617,630,602,602,44500,602,1
2018/02/14,602,613,581,586,22100,586,1
2018/02/15,602,609,589,590,26800,590,1
2018/02/16,590,668,581,622,132400,622,1
2018/02/19,630,653,612,613,64700,613,1
2018/02/20,603,629,601,607,16000,607,1
2018/02/21,606,634,603,629,20800,629,1
2018/02/22,634,641,614,631,26300,631,1
2018/02/23,625,625,615,622,8600,622,1
2018/02/26,622,639,617,625,13400,625,1
2018/02/27,638,725,632,725,247300,725,1
2018/02/28,740,755,690,702,237400,702,1
2018/03/01,691,708,670,707,37900,707,1
2018/03/02,702,702,670,674,13600,674,1
2018/03/05,675,684,615,615,27900,615,1
2018/03/06,625,637,609,617,24800,617,1
2018/03/07,618,618,600,601,16300,601,1
2018/03/08,604,615,604,606,7500,606,1
2018/03/09,611,624,601,608,19400,608,1
2018/03/12,614,634,611,628,23700,628,1
2018/03/13,630,638,623,635,13300,635,1
2018/03/14,632,650,632,650,26200,650,1
2018/03/15,658,659,629,639,30900,639,1
2018/03/16,630,634,622,622,9600,622,1
2018/03/19,623,646,607,640,14100,640,1
2018/03/20,641,643,624,630,17600,630,1
2018/03/22,631,638,614,631,13400,631,1
2018/03/23,605,621,604,604,10800,604,1
2018/03/26,610,610,574,605,11600,605,1
2018/03/27,605,619,597,607,8100,607,1
2018/03/28,593,619,593,598,8800,598,1
2018/03/29,599,608,590,600,8600,600,1
2018/03/30,602,607,590,596,13600,596,1
2018/04/02,603,653,596,613,43500,613,1
2018/04/03,613,668,610,638,75800,638,1
2018/04/04,628,637,620,625,14800,625,1
2018/04/05,622,626,613,617,9100,617,1
2018/04/06,617,622,607,607,8500,607,1
2018/04/09,607,607,596,598,5500,598,1
2018/04/10,598,598,581,588,8000,588,1
2018/04/11,588,598,588,591,11200,591,1
2018/04/12,593,600,588,589,18300,589,1
2018/04/13,587,592,583,583,7400,583,1
2018/04/16,589,591,580,584,17200,584,1
2018/04/17,584,591,573,575,9600,575,1
2018/04/18,586,586,575,575,10800,575,1
2018/04/19,584,586,577,578,6600,578,1
2018/04/20,576,596,575,585,13200,585,1
2018/04/23,585,590,560,568,27000,568,1
2018/04/24,572,575,555,560,9100,560,1
2018/04/25,570,570,555,559,4700,559,1
2018/04/26,559,566,559,566,600,566,1
2018/04/27,561,565,561,564,1700,564,1
2018/05/01,561,561,550,555,7500,555,1
2018/05/02,555,555,545,551,8400,551,1
2018/05/07,551,551,541,542,1900,542,1
2018/05/08,542,558,542,543,6100,543,1
2018/05/09,547,567,547,555,4700,555,1
2018/05/10,556,560,551,551,1700,551,1
2018/05/11,552,557,548,552,3700,552,1
2018/05/14,556,560,552,552,2500,552,1
2018/05/15,550,550,543,547,7600,547,1
2018/05/16,548,548,543,543,600,543,1
2018/05/17,533,539,526,526,14700,526,1
2018/05/18,528,530,513,515,12400,515,1
2018/05/21,514,514,494,501,17100,501,1
2018/05/22,500,508,499,504,15100,504,1
2018/05/23,510,604,500,604,105700,604,1
2018/05/24,620,624,570,596,166100,596,1
2018/05/25,556,569,556,560,27600,560,1
2018/05/28,580,580,560,560,6600,560,1
2018/05/29,559,559,500,526,46600,526,1
2018/05/30,526,526,517,522,4200,522,1
2018/05/31,519,519,512,513,10400,513,1
2018/06/01,502,505,485,492,37400,492,1
2018/06/04,497,499,492,493,11400,493,1
2018/06/05,493,493,477,486,16500,486,1
2018/06/06,498,498,486,489,6300,489,1
2018/06/07,489,489,486,489,2900,489,1
2018/06/08,489,491,484,484,7100,484,1
2018/06/11,490,493,486,487,4700,487,1
2018/06/12,491,491,488,490,2400,490,1
2018/06/13,487,491,485,488,4400,488,1
2018/06/14,489,492,487,490,2600,490,1
2018/06/15,491,492,486,488,9300,488,1
2018/06/18,492,493,488,488,2800,488,1
2018/06/19,488,488,480,485,5700,485,1
2018/06/20,485,485,470,472,15100,472,1
2018/06/21,479,479,451,457,20400,457,1
2018/06/22,454,454,430,432,40800,432,1
2018/06/25,437,440,401,410,35100,410,1
2018/06/26,412,425,412,421,6500,421,1
2018/06/27,433,433,422,422,2000,422,1
2018/06/28,422,429,422,426,900,426,1
2018/06/29,423,431,422,430,4000,430,1
2018/07/02,429,433,429,429,2500,429,1
2018/07/03,427,430,427,428,2000,428,1
2018/07/04,425,433,425,425,4300,425,1
2018/07/05,433,505,433,505,464200,505,1
2018/07/06,542,550,465,476,257400,476,1
2018/07/09,462,475,449,450,31500,450,1
2018/07/10,456,458,442,444,17500,444,1
2018/07/11,452,475,449,454,33700,454,1
2018/07/12,446,455,439,452,8500,452,1
2018/07/13,452,452,443,450,5800,450,1
